2.352357499844731E-4
7.386166930343206E-5
8.786720788247095E-21
2.5668761524896665E-5
1.7674565134962143E-5
5.709470636011822E-15
3.111307429935993E-16
3.675483307555708E-15
2.9301273497214974E-14
4.1894841774945784E-20
1.905521537845998E-10
2.775633718340484E-16
6.188908845370179E-20
1.2258523572601392E-18
7.221348904163739E-20
4.81934020421546E-18
1.8512101110435165E-18
6.237514073452225E-21
1.6974975454794326E-22
1.1671967098782682E-16
2.5535418036277407E-15
1.527344058012215E-13
1.2075741597060166E-15
8.245113158977945E-14
6.178681707399105E-8
6.625325050875151E-9
3.1801077747553176E-5
2.493729496027135E-21
2.7081643752594197E-20
2.803091982184243E-20
7.615952804515053E-6
6.618092154901577E-7
8.273602540865983E-21
2.5767099055169023E-20
3.619774690528183E-13
1.4417746622472427E-17
5.827002564796582E-17
8.456821706912272E-6
1.708100385963047E-7
1.786869617891981E-6
6.58996731858293E-22
5.359453647289133E-22
4.9112563746509235E-21
5.274837852818573E-20
2.1317020871831452E-19
8.487543943912833E-21
3.250410945777429E-22
6.785039482518459E-20
1.3053016216354845E-12
5.948071341393769E-10
4.054244203694645E-6
9.42302014740918E-8
2.003357103708852E-5
1.2225025101398867E-5
1.649942450284814E-15
2.6110591564119107E-20
1.7028816369050014E-14
6.491678022778773E-18
2.8332562370113225E-15
3.2601680196545808E-18
3.8121427402468E-5
3.627654875378598E-9
1.1030655252723192E-7
1.769212473781573E-6
5.940059820541665E-6
3.379751215743825E-18
4.851256247726465E-20
3.934933257171175E-20
3.7359840081797E-21
2.7609283613059095E-15
3.596569870041961E-17
6.306568762335381E-19
2.3872864551503352E-15
3.8042484828167286E-17
1.4107922817045588E-11
1.2201266098778955E-12
1.797655118680196E-14
2.742759702322124E-14
3.236371725169201E-11
4.568444756809374E-20
3.946275264129648E-19
5.5071313326303305E-11
2.18532283158766E-7
1.3974678916724467E-9
1.024742653587385E-11
1.0590188817004495E-10
9.994316034356235E-9
5.8207441593955705E-5
5.130804264213055E-6
5.091877355416871E-6
7.6702211046953E-7
7.907407174553319E-11
5.448820247111811E-12
4.797790627219201E-11
4.3944528254723207E-13
2.8235809776031828E-12
5.7948203010068624E-11
1.3791012822756001E-12
1.2775664606183743E-10
1.4572268696132783E-10
3.276081015397526E-10
6.9136990170260546E-12
1.397988306611964E-16
9.813954597296621E-17
1.5715808118384607E-14
2.8650091942693934E-16
2.1530342265226624E-17
6.330500893243211E-16
4.2911917875023244E-5
2.6784665415675085E-5
5.127461413848061E-21
2.73862234625538E-21
1.2447587400529144E-19
4.105955658011884E-18
2.2394598095730008E-20
1.849267204894397E-20
8.695001959574427E-19
2.4691070877515196E-18
5.150977396433659E-20
5.800515445791187E-19
1.6334516547109246E-17
1.474175821339388E-17
1.3951136263708883E-6
1.707324424621917E-6
1.3331260760910122E-13
1.9438045753727802E-16
2.002130488271105E-20
4.871102375945826E-13
1.2072717417413281E-11
6.544646558838166E-5
9.13548156449068E-6
1.2988955434551699E-11
1.3128775285784066E-13
9.582339577744013E-12
1.0592705757279096E-13
1.5209409761771472E-13
3.14427904840851E-12
4.2858192782553217E-13
3.862835772960949E-14
3.478051264685493E-15
5.340835925548597E-15
2.9302570276058076E-16
1.3147379474315824E-14
1.081079400325615E-17
5.583977642082846E-17
4.6103809229604375E-7
6.359819243822558E-7
6.335378219550201E-19
1.6904320744100646E-12
1.1829956436295096E-14
1.1188790295799488E-13
1.2268606277829976E-13
1.477244871086129E-9
2.441833292916398E-10
4.464076024356892E-21
4.190673272695426E-5
4.847159139859185E-5
0.003121857476834504
0.0021570022009608334
8.92106410016913E-4
0.001284526551472371
5.193150104718123E-5
7.3356750837257135E-6
2.961723822289168E-12
6.986068054686516E-14
1.4622685459998803E-12
3.21660031418005E-14
3.910941312490877E-4
4.63115137041011E-19
7.917968145214743E-18
1.3251974962104862E-9
1.6653366191153145E-11
3.0711939719244486E-12
0.0015724809027683176
3.0851525091528277E-6
4.91809321544166E-4
2.902773306118734E-4
1.368606099839257E-5
5.333961958828488E-5
0.0017017159918640541
1.483208399884955E-4
1.381561327635963E-8
2.4553250501120423E-8
1.6275469081277858E-7
2.075019423958357E-7
2.075336164526207E-8
1.4212685945363636E-6
1.4961372621070944E-5
3.007309844576268E-6
1.420100724520034E-4
2.784288676125161E-5
1.2935929260785932E-6
2.777510563632666E-17
2.1107643906242323E-19
3.733577285775683E-19
8.300732155795512E-18
8.034911192952918E-18
5.236345005084995E-18
2.622559625150361E-19
9.645503907353449E-21
5.344054782062422E-20
2.8145455981172064E-17
6.326578693784553E-17
4.12049336777986E-15
1.6465383417707309E-15
1.5198322948245272E-14
2.9521664655524313E-12
1.1459362938604132E-15
2.141283102880288E-14
6.92268275810918E-21
5.8574782522578255E-22
2.5306359148196542E-20
1.2167306685302972E-21
7.569758330577921E-23
6.566111173333508E-11
1.202777580416926E-10
1.5168744604394753E-12
1.2459073003820562E-13
4.9230889755384344E-18
7.254942728093797E-20
5.47427023245728E-16
2.4615548418821486E-15
1.0282045218253166E-5
8.064757690402899E-7
2.3139640551448053E-6
4.14298129321764E-6
3.7391537219329504E-16
7.161852673525121E-12
8.792560193779945E-14
8.829405335489038E-14
8.315597971915536E-11
6.708777608499428E-10
2.1440517638461938E-12
1.190051171225949E-10
9.79629801206001E-10
1.1369792624586891E-7
1.8447631826023845E-9
4.489852568155502E-7
1.1438772117730118E-6
1.158626498115143E-8
9.599427628960532E-8
1.4423813657013284E-5
6.796529881863653E-5
2.0833564818086638E-5
7.488311184492429E-10
2.3835073188857866E-10
8.664274781681581E-4
2.7148667479130766E-5
4.1002491867889233E-4
9.869142275184864E-8
1.072404504878768E-11
1.0242282782290275E-12
2.713512201950931E-10
2.4885461523879737E-9
2.1469281663768973E-5
1.711562905297542E-15
1.1554516809401186E-15
3.5018047085381245E-15
8.416167611930351E-22
5.6550861277578954E-21
3.043695294474884E-14
1.17092412706773E-12
1.3021221661396946E-11
2.678221870737897E-12
9.965332307467922E-6
1.0463237630596001E-4
4.197009301596694E-5
1.5071632654555897E-9
3.9946404785209245E-10
1.7158680963432862E-9
3.5503478383423384E-8
1.3550475441335917E-7
2.238312818961256E-8
6.184661841798485E-8
5.009369886213901E-17
4.544474352312953E-19
5.847487568760149E-17
2.3648658568400686E-17
2.1838779648931343E-18
1.2059334726700074E-21
1.4132343669006925E-20
8.723473074066389E-9
1.6068846219833447E-14
3.93754238502314E-15
6.749758230365697E-19
6.320972450955111E-18
5.2292995516908256E-17
8.85601911687382E-16
5.78948642644773E-5
3.3864406799568814E-6
1.6638382126428454E-13
2.7218976046713577E-12
3.428861170467772E-15
1.3320060963451272E-5
2.7257559599523643E-6
1.4460630508157857E-6
3.793707504422703E-9
1.512332313069728E-10
1.1575356831185689E-10
3.850406497833788E-15
1.9431492733418353E-13
4.947874759839483E-13
7.550048599174682E-16
4.642766434014304E-17
1.3761263507748938E-21
1.0903527315030757E-20
3.2945561372048635E-22
3.273605191836735E-20
2.595518741804908E-19
8.207247077476993E-17
1.5950126416102595E-15
1.2693218114022206E-13
4.433561381098997E-12
1.8506771636327482E-19
3.436584623274717E-14
1.1227914904772084E-19
6.074189942906442E-22
3.8156951687577756E-22
1.3406414431928068E-16
6.1752784951001E-16
9.041894216496971E-19
9.383794333342217E-17
1.132643544443325E-13
9.659657314092284E-16
4.453093025796168E-15
4.83385979750835E-16
9.077827210963812E-18
1.7660539691566693E-4
7.532031261501617E-5
6.315354016627507E-12
3.1124350564866184E-11
4.3785918921139684E-11
4.6372599323528443E-14
4.212272489291412E-13
3.367531502584414E-5
2.7418971425698515E-21
4.932711141607172E-22
6.28832041577655E-23
2.0400985114953755E-19
2.4700904956787176E-15
3.4139400658791216E-7
8.657352393193001E-7
4.3658424571995E-18
1.176548692900763E-18
3.4576768670116755E-19
1.923190181310723E-20
4.5833491353314926E-21
3.959236954381824E-20
4.0393708002286024E-14
5.145419505850535E-17
3.827301263506224E-16
4.450208250747058E-20
1.2293170403762031E-17
1.4922342106089025E-13
1.922628328831502E-10
2.1514291217961058E-11
2.8551883613495783E-5
2.68502110147314E-5
6.5156875952427776E-6
7.652812086978339E-7
1.9976731091529428E-5
1.9237070170612508E-13
1.5038336990487852E-15
1.1478143149715726E-14
6.450986479508083E-14
3.0456890967898078E-12
3.061961302358075E-13
3.520300915032135E-19
5.682002970617667E-15
2.7988180656161834E-16
7.064507767815914E-18
1.0834627272187438E-15
2.603452970392768E-19
3.511410499775604E-18
2.1513803412719805E-21
8.162380901601238E-15
1.147241867651952E-18
1.6382021682493369E-18
2.9120609395444463E-15
1.7736795553138143E-18
8.961223777776757E-17
9.529968002516504E-6
2.3425705058329337E-5
8.94682105867356E-6
7.004270032351207E-7
1.3958205684149453E-6
4.10749448588385E-7
1.0810815811447665E-17
1.3839974488524404E-15
1.0980582177048678E-18
1.6203665319507593E-17
2.462557967242564E-16
4.2060447548974654E-14
2.9815005037734354E-16
3.091404243101725E-16
5.082523278638584E-12
1.786761846727013E-12
2.876841159316216E-10
2.249927461574405E-11
2.249018168017587E-9
6.294895850966409E-8
5.4592016392770057E-11
1.5107268554954077E-8
9.00834237281287E-10
8.286316070096921E-5
1.839352224675624E-5
0.001486983200156912
0.0015036757932162825
0.0010715185672230312
1.1116055174883297E-4
4.332306323270332E-5
6.957671370587596E-5
1.0954280187868238E-5
2.1500693420275698E-5
5.9077994208943597E-5
1.643367908240957E-6
7.3641561300383406E-6
2.0524356951836863E-6
9.995678078611398E-7
1.9379046893542252E-8
2.863371671142993E-10
8.907060777716988E-7
9.033449192897209E-7
2.212321028985569E-6
3.624839144099357E-6
3.735117370181669E-8
4.839608640051199E-8
1.1668492359609894E-8
2.189955798783667E-6
1.0045480166181618E-7
1.3732377515212258E-6
4.3941719711837356E-21
7.025506867883088E-11
7.164287652062548E-11
4.756069785582897E-12
0.0010143966805862227
1.8125885433899304E-8
0.0016443265461097353
0.0020553990860047145
0.0016772496968921308
6.867750628178607E-7
5.766360959804751E-6
2.4461435963238642E-5
3.5793892449122274E-5
1.204402543136887E-6
1.1833254486083534E-8
5.00604978725283E-9
3.155227407678906E-7
3.6542257655980437E-7
2.6455838615203775E-9
3.2555070562300687E-9
2.7642888602687534E-10
2.177764920067619E-11
6.956393784028094E-11
1.4200807689500454E-6
4.630356159458088E-6
1.6843125922654464E-6
1.4890021927134506E-9
2.7348749901769793E-14
1.478519496064414E-13
3.947383455563444E-12
1.7465118989509893E-12
1.2090240184629811E-11
1.5765713009269263E-10
2.7076720868700925E-18
2.5201751607373116E-19
6.596870342439849E-19
2.133432462969452E-19
3.163382924751053E-17
1.9781227659365094E-18
1.1249552543838328E-14
5.9763102389621015E-15
2.6084906625277623E-20
2.5441235693965337E-20
3.9316707120676697E-19
3.818309162397128E-9
3.977051206574729E-6
1.527550137125259E-5
0.002604433255698984
1.363765958750355E-5
0.0011550697434463057
0.0018860299048429985
0.001998029782007322
1.578890826426449E-7
7.10575943765375E-6
1.4860854379319226E-5
1.1771999708342722E-4
6.412722221043444E-4
1.0074856532915182E-5
4.876936423259962E-7
5.757869754893574E-6
7.942923796570668E-5
2.0505699260854225E-5
6.772481487010617E-6
5.679817413074375E-5
1.7536413954323097E-6
6.88599367956251E-7
7.682281758586516E-6
8.78947039997473E-7
1.7964259662337979E-6
3.279911202016983E-5
2.7991009228854365E-5
3.009283768167084E-16
3.5350052985642207E-16
8.070379786494913E-17
3.096159032778823E-11
1.16562888600145E-13
2.693022517061758E-12
2.1419689201727377E-12
7.955614090160766E-5
5.0438692749167415E-18
2.4016189782088045E-18
1.1357572898470702E-19
2.5849074504229453E-20
2.781356751516477E-19
5.31232899023028E-20
9.061450185495615E-17
1.7852856152908055E-18
1.895701928456307E-15
2.8840970367474217E-16
5.349970787230051E-21
1.55338163625575E-20
1.2209346151144289E-18
9.125446342739625E-22
1.2283389103189633E-22
6.380514803551004E-23
2.7344509746222314E-12
2.425681555304421E-20
9.67693016268785E-19
1.6172613694311671E-15
3.9132744774675154E-12
6.01107633300012E-17
3.67746381521285E-15
1.3072395403830704E-13
1.0405615816361509E-10
2.126996259120904E-10
7.953556464550635E-10
6.761409205422187E-9
5.508186930125837E-9
8.306907731556725E-13
1.0004382625039115E-11
8.035399166222733E-18
2.5185614916531134E-18
2.7439740382176666E-14
1.1030245602498765E-13
2.7893317072521965E-6
1.569831103371518E-5
6.475871489758963E-13
1.4480909411687755E-13
1.0392671543529811E-13
8.580487432312881E-11
5.181587110882856E-11
8.625316045374409E-10
5.703464157985292E-10
5.5817583987173734E-18
2.3821837775194297E-14
6.725694404657412E-7
9.646440773353225E-7
1.81624161669072E-4
5.298204617062456E-5
4.291958491845922E-5
5.3262966160796806E-5
4.0110590759479456E-5
1.0674753647526093E-6
1.0059867663700152E-5
5.45406859681107E-20
9.48839876450532E-21
3.2439569034048415E-22
7.748319023508379E-20
7.872571602977988E-21
5.468684426635462E-22
7.011819707649467E-20
5.07059923579161E-21
4.2269123435079454E-22
2.790724933457942E-20
1.0041396171441162E-18
6.200561798736912E-23
2.2340309717461104E-20
5.350862372935022E-20
1.5462737952017838E-19
3.1777971258637532E-18
9.661858071681885E-20
5.271990055834749E-18
1.2362857557372437E-16
1.3174202335623105E-6
7.270712885983913E-16
5.5351949202226664E-12
1.8546101417938913E-15
2.384485925057633E-13
3.128487815997136E-20
6.3180916209014E-16
3.812550728283719E-17
1.3099266807507538E-18
3.457584228291854E-20
1.4423972353668549E-5
7.39147200959655E-9
4.777307818177174E-10
2.2166471910920907E-13
9.475048171284555E-13
3.3227396476492565E-11
3.8709965184682474E-13
1.6685819531748536E-11
7.097374973576111E-8
1.5364029591027747E-9
1.0798529308519551E-7
4.490313181737963E-9
1.7534904387223104E-11
3.066700382600635E-11
2.44285731450759E-5
2.146926681880377E-6
3.2265430207328204E-6
2.398888235701179E-4
3.0970336795735117E-5
0.0020029876321353357
0.001642113647998965
0.0019505215317284046
2.407160151266064E-5
0.004197732059840975
0.002462979186229325
5.086871754417674E-5
0.0024120221111824454
1.883834349707103E-5
2.597429153373769E-5
3.907382687471828E-12
4.547193224320543E-14
1.7521471584867623E-12
6.586385165858173E-11
5.4398229968333754E-5
2.958389331584972E-5
9.449882251937227E-10
6.144495577273011E-10
1.106276045077775E-8
4.8043946012321443E-8
7.918164267619161E-9
2.765922232994951E-15
3.9196182696803935E-14
1.4426205786146187E-15
1.4209358619052694E-17
1.0711378401871639E-17
7.689836091177936E-13
5.465740965870205E-14
1.4808874470658617E-13
1.3112569483886878E-15
6.64697804611863E-15
1.1090907820784577E-19
3.0770175420112615E-18
9.930886219015131E-17
4.542007017231303E-20
2.9187319495213456E-18
7.837505555180778E-5
1.4789822369087285E-5
3.2400647177404496E-14
1.8191136318025496E-12
7.100013136599461E-7
3.8781029262573344E-7
2.9190293120435845E-9
1.8651938254152827E-7
7.081714049831876E-7
4.6410506151287657E-7
1.1848995944055188E-10
8.56244739122959E-10
1.0158417678408605E-11
2.6077915156029526E-19
3.3275756743104837E-19
2.5009780406584954E-18
6.93231662655721E-21
3.429450349347779E-21
5.0038388100282716E-12
7.30058351790237E-12
1.0741831910187452E-11
1.2694846660124681E-8
3.0353478494476527E-10
1.0204913192830167E-7
6.247303862816335E-8
1.0439224426510813E-16
7.538367094719041E-14
1.6605545375652804E-14
2.3735433631919935E-14
8.299176363401161E-17
6.477385284240119E-5
7.85703737709109E-6
2.07016905243286E-5
2.551587525276109E-5
1.0355691765013033E-5
1.5125995931229746E-6
1.1312717041660474E-5
6.164080717515314E-10
4.172038758249382E-11
3.655768862748074E-12
2.843476655412485E-14
2.3346559004117987E-12
4.4813085884653725E-11
9.267289495499976E-12
1.5285455431704586E-19
1.0968531859281456E-19
1.996457717071239E-16
9.613540814875365E-18
2.6737997750747885E-5
2.593341656342206E-5
7.028187456289588E-6
9.263692947742535E-7
5.1381188799909264E-8
5.910914234082141E-7
1.0202102497131246E-8
4.948826341577741E-9
3.721222031183691E-8
5.501372607580211E-7
3.228176560979224E-16
3.3775256605899886E-15
5.623077606798624E-14
1.3181095088414006E-12
1.0269386335829096E-13
2.0321190759378475E-8
7.428631596890352E-10
8.548028464456198E-8
5.284020082925875E-9
4.412556031197404E-13
6.57022034270101E-12
5.334242558015475E-12
7.998991009065675E-14
1.764967219056792E-5
1.9429074505824792E-5
5.330196788746232E-6
6.398309403973724E-7
6.1903120599651556E-6
4.242689347970845E-10
1.1577167745990237E-8
5.670851290946409E-8
7.222435248721368E-9
5.379432538191415E-10
6.03659658050802E-11
1.5284275302935282E-9
2.1194633068115016E-7
1.4972142195833347E-9
2.8504830962396097E-8
6.164721392010817E-11
9.363389306873907E-14
5.846843381184245E-12
3.724521706888276E-11
1.0486813262559935E-12
5.902499619894126E-10
2.404227545679218E-10
1.885213803565616E-9
8.148768904227154E-9
4.949451480778673E-4
4.47874177837959E-4
5.054596574316031E-4
1.0016307505284023E-5
2.7862341501562036E-6
1.834878675144592E-5
2.5411027958285835E-7
1.4090040163407536E-7
1.0526426706654493E-7
1.5123318051434546E-9
9.106876621093022E-11
2.1181388045795538E-11
8.627970116579377E-8
2.054355409302483E-10
1.5781383499245985E-9
3.532359405578971E-10
1.5148099596635494E-7
9.73034319076934E-7
2.7942095720964444E-7
1.4201219657833442E-8
2.506996189431381E-6
4.27498301559038E-6
1.0394729956544019E-4
6.234071620074561E-8
4.121465375548095E-7
7.668075615795984E-8
8.493706266991176E-6
3.599868463893182E-6
4.6960379017768544E-7
8.626647759688486E-8
4.682451030742418E-16
5.101985486335411E-15
4.393920691864569E-19
2.113506348427845E-17
8.853746353707032E-16
4.653160769795277E-18
2.6934941652029854E-16
3.569526435668585E-11
1.915320991454637E-13
5.58577947912924E-14
1.4318559082136168E-19
5.443981682867843E-20
3.00893473048839E-18
6.037894141570922E-17
1.9076251566073614E-7
1.1396322092759162E-6
3.6049856323098805E-9
5.269055055284247E-8
9.675029129708415E-7
8.588190140533123E-7
8.992940056568788E-5
1.1777647832613657E-4
1.5484769951402733E-4
1.217116499939106E-5
9.327008237045009E-4
7.634594533409466E-4
2.1549867953257006E-5
6.747605300993532E-4
4.595356388736952E-6
1.4239336901297291E-5
6.375459518380789E-6
1.7855994221033746E-5
4.047369086989511E-7
5.250840085230866E-6
6.756772565155066E-11
5.089544765800567E-11
6.760331666176745E-13
2.720275256765287E-11
8.209589538597714E-20
5.1449082163517895E-19
5.680272033443775E-14
1.6226851556064148E-14
1.0304373082529451E-8
3.4561781163088744E-8
9.146793116576954E-9
1.0140788725278894E-9
4.759571838800394E-10
3.265380448165955E-9
1.005814703967732E-6
7.29808215644021E-6
1.4080940276301274E-5
1.9705265950879695E-5
2.5589492113276265E-5
1.3207851663787608E-5
1.9957753242952354E-19
2.9543151274622948E-18
1.7528085871719427E-19
4.2751756506103215E-17
2.516667092387881E-16
5.752103670394489E-11
2.3440760128982245E-11
1.1891989154099582E-12
3.691462965570612E-14
1.0722637074603561E-15
1.2250367749551767E-12
2.6963307821958884E-18
4.720106453760772E-19
3.4207151919166446E-16
1.2551906472048323E-14
1.3106609366563443E-15
1.4028438590617554E-17
4.415220825743844E-17
1.7016367029238828E-16
2.2928502700597522E-14
8.30683964160166E-13
3.069547375071117E-5
9.884608581117353E-7
8.310418464347069E-10
1.0872530183065741E-11
2.244173935944518E-11
3.8128377683988896E-12
3.4240977490240757E-10
9.173056987194098E-10
4.807973760870651E-9
6.778905965269798E-10
1.3806629145306327E-8
3.237543695159465E-8
7.273678887400098E-20
3.4213568852128774E-18
3.4790187060052455E-21
4.594933958585861E-12
7.443385401772191E-14
7.282061718027626E-7
1.2600694977124063E-5
6.377916873952238E-5
3.1161126864615935E-5
6.384775089444166E-6
7.633584794342951E-20
1.2107835352557538E-20
1.1962888711124423E-17
1.55531373200365E-19
7.732357513915737E-21
1.0193452692169904E-20
7.369977732425698E-19
1.1152488711124366E-17
5.477018301082306E-5
2.3895262529269443E-6
7.680594912782644E-7
3.790356888618817E-5
1.2341746256305041E-5
1.0101433423936114E-5
3.369954396707727E-6
6.99516792836698E-6
1.7726918319054303E-5
2.1836851275483402E-5
4.4902131454414374E-7
5.415191832033789E-6
2.455872380810123E-15
1.291114726780037E-13
4.808647343218306E-13
5.7023136039304296E-15
4.526495428283248E-16
3.0585426220033E-17
2.641027212762998E-15
8.121600229103461E-15
1.8680962476597363E-18
9.350723623468149E-19
1.3202955286349057E-16
9.194280011673782E-17
6.345621693147577E-19
2.561176790628448E-5
1.8954773165072187E-7
1.355058685967167E-6
1.529213400910842E-7
5.8301732907408675E-5
4.327576696262142E-9
6.187624919624645E-10
2.093079732930649E-8
1.2769650189148957E-9
1.0608731530693445E-4
4.295509751565204E-5
2.229490722966197E-5
2.800478522630047E-6
8.607888001269086E-6
3.8951268260346266E-16
1.5610261440055128E-14
4.5228892992750524E-13
1.0324322898908166E-15
2.8873202415755905E-14
6.55121461846319E-12
7.916962434813543E-15
3.386652873975014E-15
1.325380050483484E-13
3.885828544881119E-12
6.313611634135605E-13
2.0532279619007518E-10
1.977102286286883E-11
8.801462974375937E-7
2.9708531232178714E-6
5.3135690462882993E-5
4.031381393968316E-5
2.650208225465942E-8
1.314470560357758E-10
1.014373639926203E-8
6.347571120571512E-11
1.6509417066821851E-12
5.3774530436445275E-6
1.1995324032111333E-5
2.1559543621161096E-10
5.149132501916386E-12
2.3588974327001807E-13
5.583384567204567E-10
1.9484777567317362E-11
1.5543538340142636E-5
1.3879765335996057E-6
1.542969248733915E-5
5.767062704702595E-6
3.356732927291295E-11
7.451278781616275E-10
1.7887696734411658E-11
1.6620922949473772E-8
4.159444024970119E-8
8.1079268117341E-10
8.688190824707611E-9
1.0076675113493437E-9
6.97125589498751E-7
3.1405078971682004E-7
1.3259896384226264E-8
2.781121164230427E-9
5.1193064636230884E-11
1.8294990974543916E-10
9.942250167240506E-10
8.831588059101708E-13
1.7547963790376783E-12
8.250601111705292E-14
9.795880117833691E-16
2.3720171642684105E-14
5.084792512362841E-13
3.727269905157966E-9
8.524298709428051E-11
1.0991130680488089E-7
5.971043030040397E-8
6.689282151836581E-8
5.900067067630454E-7
8.23936309649571E-6
3.4535614993933844E-5
5.047106740851963E-5
4.9888149552696854E-8
2.1249462598071785E-9
4.877511128675412E-7
5.40391284577472E-7
2.4527159505045902E-8
2.3158815374441323E-5
1.137166346282265E-5
1.7136646792774813E-6
6.983534357757963E-7
1.0109321129281511E-5
1.257084114168894E-6
1.4929863645517465E-6
1.506346238052997E-8
5.114788079025731E-8
7.694564448572757E-7
5.980045223941628E-7
2.979541030709561E-8
5.242679218010018E-9
5.1522369312647726E-9
3.4441208737235176E-10
5.652445213742784E-11
4.5295200022353087E-10
1.5529596998012632E-17
3.3673673839946485E-16
1.6694921461019726E-14
1.518940155454549E-13
9.375581722584559E-12
8.631961103899901E-12
1.6840327314570744E-19
1.2632392728825453E-17
4.2914710941888317E-19
3.1821198877397885E-17
5.105037805273081E-15
3.2741836073058937E-15
5.2041747546215404E-12
2.1502499289571965E-12
1.696659946456447E-14
6.229519609439834E-13
1.8316289299438213E-6
4.760623506886965E-7
1.0130060011551195E-5
5.885005961285675E-6
8.49323643923914E-5
5.192924017129121E-5
7.986587234341508E-6
1.7581959719199652E-7
8.925244072205158E-5
3.6726486196120503E-8
1.0676028953294994E-9
1.1782610990842045E-7
2.6285069691359914E-8
5.339433375471515E-11
2.222077537796915E-9
8.812800203267953E-16
2.770219281382342E-17
8.164930312641022E-19
6.374614437048787E-20
2.9894777340064725E-17
3.5979519252121646E-19
3.836636088646879E-18
2.425017365610995E-17
1.641034008250421E-18
3.0135956470554376E-19
1.3390385657769064E-18
4.963101751418622E-20
6.973224771820397E-20
2.2049144170532044E-17
7.241123060137717E-17
1.0341127157142625E-9
9.866113830922476E-11
3.0885981480269514E-9
4.02815675268079E-9
5.010436400829787E-19
1.1440286482016416E-20
6.065597720875499E-21
6.889629636460207E-19
8.263549939047659E-18
1.8072297026595117E-15
4.1404619402379985E-16
7.06840251971499E-14
7.850768321580939E-15
4.470988281387526E-18
4.572245047865235E-17
1.163329060837864E-16
5.020424918100048E-15
1.932540749630994E-16
1.5389655261639667E-13
5.262582336505086E-12
8.402742924454018E-11
1.71000689126301E-10
2.1406974640266913E-10
4.072563266466997E-9
8.084831456574742E-10
4.1699136358538886E-10
6.026809275154653E-7
1.7145793969575047E-8
8.284113074424018E-8
6.110116606073255E-10
9.299651270389123E-9
9.972436167491398E-10
1.1879133918109568E-11
8.395731552848112E-12
2.7774360337859562E-5
5.893787177262204E-7
7.247522242479479E-6
6.079850703768722E-7
1.1455011068029414E-6
8.492668810044482E-6
4.645245356564483E-7
6.57931706821501E-8
1.7683827488085808E-8
5.812533262161567E-9
1.5951038997393542E-9
1.0738281594830532E-7
9.038829010158759E-7
1.384161069128542E-6
2.0539282702073175E-8
6.152503102681154E-9
7.692593164895821E-16
2.48854517266935E-15
4.881932109592096E-17
3.122222891350076E-5
6.8798159794233016E-6
1.1363107450086547E-6
1.218021404252345E-5
1.2772164014016583E-6
1.831252382743525E-7
5.576165550084291E-7
1.399618059493055E-8
7.079159648285109E-10
4.229818054494051E-8
5.522578511142477E-8
4.763362315151317E-9
2.2123246033287254E-10
1.1622881314272946E-10
2.5669796670240356E-6
3.4535609131001186E-7
9.222892816933176E-7
4.5084530388749065E-8
3.960427479392514E-8
3.616628378182975E-8
5.702905484771697E-9
6.764363358261802E-9
6.258380307531166E-10
6.563868774085799E-10
7.92862488216977E-11
2.4986773578995523E-11
1.0919509798191212E-19
9.829703438157026E-18
2.4302487425438605E-18
2.1062791436687874E-20
2.8727822854615815E-20
5.770561760350681E-17
1.3990211181887564E-15
2.9734490385086175E-16
6.681057542450349E-15
4.1065850604700636E-13
1.1584057852783922E-13
1.4579334459164955E-8
1.8641232783438117E-7
1.4827421791836186E-9
1.0127972195238164E-8
1.3161254977401316E-7
1.1813833546550664E-5
4.502110078465756E-7
1.8991275708028552E-7
2.203264675830699E-6
4.086595399159413E-8
1.4713230495847788E-7
1.0678666479130785E-17
1.3542315767753716E-18
5.087141257083887E-21
5.43427007509008E-20
6.122451299222617E-18
1.3874680150542465E-18
3.699442346706356E-20
1.4455977963587082E-5
5.916647920422959E-6
2.2123825791045884E-5
4.470647058680756E-7
5.060350414309425E-6
1.1286303042932292E-6
6.195382530334126E-7
6.020758455992536E-7
1.530553230817228E-6
6.584757599204716E-6
3.38879553894846E-5
2.940952501893659E-5
1.2398592742841775E-8
7.238522662035593E-9
1.6262543496710334E-6
6.492838054558542E-8
2.5104024615458145E-6
6.712251126313171E-7
7.003401656409756E-8
5.98151606415099E-16
2.1836659834337098E-16
9.569263067742637E-15
1.0869036972801699E-13
4.002230140571242E-14
1.09038269622524E-12
8.00593691622734E-14
4.558136337728111E-12
7.306046423372183E-10
4.020387906252385E-9
1.0635289469953975E-8
5.3460665140570664E-11
3.893413073821417E-10
1.815525733092825E-11
2.7392458042928727E-13
9.269334634776887E-13
4.642652425687786E-15
8.185272359598475E-16
3.985654201328075E-6
1.5818634707283562E-7
2.992465370713443E-8
2.7572041712688566E-7
5.974622648292649E-11
2.1789056365297105E-8
1.3967416787971617E-7
2.6751089310010463E-7
1.951866692450593E-6
1.8629268571873662E-10
2.6607619878870446E-12
1.9822300829617672E-14
5.82815352715849E-13
1.2390490886062037E-15
9.743475109282885E-15
1.6517622785014228E-13
1.3256666847182106E-8
4.125236225429047E-8
7.258310392959246E-10
9.557343156330536E-8
4.72312059591322E-9
8.612441902454989E-11
3.1984815418093924E-10
6.021709366476577E-8
7.607800066285725E-7
1.0248987481762644E-6
2.239893485334352E-7
1.026426329993497E-7
2.807851081068787E-6
1.3025796901970119E-5
7.832106764927212E-6
5.896210106098474E-7
5.744951881367738E-5
3.484898480872455E-5
1.3477808260191429E-13
2.460603322572353E-13
1.2585162744521803E-13
7.795035229750685E-13
1.5812166196094207E-9
3.9965724128308876E-10
8.033321208419457E-8
8.681881337120703E-8
2.2540215090327583E-10
9.818814282856803E-9
2.2561136475096475E-11
3.818809157412682E-11
7.511092069273264E-9
8.153758441967088E-10
6.579980240392668E-11
9.230198325334536E-10
1.4485857066728404E-8
1.8660063822789977E-7
2.9322793458337004E-6
9.799621680700443E-6
2.4550888536626203E-7
1.5920194949746234E-14
2.06976415616896E-13
1.8659557013874093E-13
1.4657837552361563E-14
5.1433224795334027E-20
6.797853824091642E-18
9.774149865344487E-19
5.77308334763408E-17
1.6589840759742734E-15
2.8979670871368005E-17
1.241405326563063E-16
5.079136308944457E-15
1.794839379112981E-17
2.5144272642328783E-13
4.7033103314308475E-14
5.809292770902096E-15
2.517028294922328E-16
1.6573647440621133E-8
1.9526583128128558E-7
2.5616276400688093E-7
5.029533809000843E-6
7.752219018870348E-7
3.4595828258275964E-11
2.787250494003348E-10
1.5395494285049665E-12
1.2649131304664095E-13
5.585944573227212E-13
3.04773346291782E-16
5.899815195914048E-20
3.177815303856939E-19
2.194518215095409E-17
1.4472834217140302E-19
2.1093244981566494E-21
1.7799463235534117E-20
9.112574168534348E-20
6.710157333931582E-22
1.9213960629024707E-17
2.6210759657833516E-18
2.782921937435243E-12
1.8103071931605913E-14
1.3851323987626633E-13
2.662552798950509E-15
7.74148649935822E-15
6.77040890235757E-13
1.8701923971537917E-11
9.245547339064538E-13
1.2183575743037158E-11
9.127521283169966E-13
7.403485121114704E-15
1.3713792994079794E-6
4.512369456101051E-7
1.0155536941095568E-7
6.215574558841608E-7
1.471590427417817E-8
1.1026352166104885E-8
1.0648807071833886E-9
1.0585530554800238E-9
9.561532339376905E-12
8.061256168850363E-12
2.753480653458856E-12
6.309392252301839E-14
1.5966780718630182E-11
1.2445643545258934E-11
9.177763241309115E-13
7.322163591564181E-15
6.408480327370239E-21
1.366361199714253E-21
1.2645504161519803E-19
1.96878907753948E-21
2.847211396169637E-21
2.567689404386855E-22
2.1236156779438343E-10
1.141569010652365E-8
7.016317364387414E-12
1.1043241846538581E-10
1.8156560181942624E-9
2.75820371933809E-8
4.289635135858317E-8
2.281952408945778E-9
2.9298177549036088E-8
9.076099576603881E-9
1.1867656423047232E-7
1.4062577576049493E-17
5.635017264387448E-16
8.788870300244143E-19
2.7430088268836034E-17
5.161127362599578E-16
1.3831264429345025E-17
1.187529331227826E-15
1.9398743044319964E-14
3.071039115550765E-16
7.644671157962636E-17
5.592071766068471E-19
9.771095637454074E-21
1.4654242931797045E-17
3.846648037618312E-19
