 0.000000000000  0.000000000000
 0.000000000000  0.062500000000
 0.000000000000  0.125000000000
 0.000000000000  0.187500000000
 0.000000000000  0.250000000000
 0.000000000000  0.312500000000
 0.000000000000  0.375000000000
 0.000000000000  0.437500000000
 0.000000000000  0.500000000000
 0.000000000000  0.562500000000
 0.000000000000  0.625000000000
 0.000000000000  0.687500000000
 0.000000000000  0.750000000000
 0.000000000000  0.812500000000
 0.000000000000  0.875000000000
 0.000000000000  0.937500000000
 0.000000000000  1.000000000000
 0.051828926349  0.752473177323
 0.054080406483  0.243070858914
 0.055020219265  0.381690918092
 0.055861914008  0.936701857488
 0.056826729253  0.622887203869
 0.060765894105  0.176457639298
 0.061614755320  0.447641085715
 0.062355695286  0.070884720678
 0.062500000000  0.000000000000
 0.062814198631  0.818430953472
 0.065076738414  0.552035103611
 0.074751345065  0.690002421911
 0.081940290059  0.123791600912
 0.083281477447  0.497677811663
 0.092446234415  0.311922967397
 0.093750000000  1.000000000000
 0.094340724525  0.874234345765
 0.096064644542  0.778741353450
 0.096572699871  0.209291086789
 0.098299975668  0.037671392832
 0.098584039470  0.415242587203
 0.113137805025  0.590950810358
 0.125000000000  0.000000000000
 0.126731606862  0.248203337212
 0.126969878587  0.734769850449
 0.130747746681  0.376115074294
 0.137170259961  0.652288940482
 0.138960869316  0.933240514830
 0.139198348227  0.809561662492
 0.140376313069  0.171119349743
 0.140779292334  0.074325302838
 0.141072757302  0.533452193609
 0.142531626793  0.453490544385
 0.167894556658  0.870745966502
 0.169787946313  0.591276290054
 0.184870866370  0.764057920778
 0.185388688961  0.232471588148
 0.187083719903  0.498998715735
 0.187500000000  0.000000000000
 0.187500000000  1.000000000000
 0.187588450649  0.309037680880
 0.197865614049  0.703313396596
 0.200390737908  0.393383065711
 0.201891717534  0.122798741827
 0.219085821931  0.632749136387
 0.222938671661  0.061928030397
 0.223823161177  0.182975223322
 0.230092413782  0.546765722867
 0.232175207338  0.818428168266
 0.232233041780  0.461875440302
 0.233841954092  0.916783964627
 0.236010923634  0.748253391014
 0.246923980240  0.248621278407
 0.248084210734  0.353766863868
 0.250000000000  0.000000000000
 0.263086234741  0.403410076609
 0.268841476106  0.305529640426
 0.279230180400  0.763559322902
 0.280727166359  0.050350259167
 0.281250000000  1.000000000000
 0.281926575910  0.122233936141
 0.284366535313  0.694276241238
 0.285614456387  0.199232147146
 0.286504866618  0.498603886135
 0.292780196806  0.608242376044
 0.297626722072  0.865412735460
 0.308312474286  0.547924259591
 0.308335578780  0.441444976756
 0.312500000000  0.000000000000
 0.315655843524  0.806092733357
 0.323983475708  0.359064775293
 0.327046662532  0.747316020804
 0.330643256733  0.927339814637
 0.331208126400  0.261525977541
 0.337288266251  0.060153510966
 0.344227579046  0.179086217529
 0.344378716759  0.645824844781
 0.355464849566  0.499668669633
 0.358776682374  0.118076307539
 0.369437551711  0.580078400139
 0.372964678729  0.778069339554
 0.374063300608  0.705402867757
 0.374497113088  0.852549154566
 0.375000000000  0.000000000000
 0.375000000000  1.000000000000
 0.379765759000  0.425662150888
 0.384222275547  0.313872703382
 0.389590491695  0.217132673916
 0.403340056472  0.641043881766
 0.404461138384  0.267087163839
 0.404752653935  0.366551045048
 0.409137770428  0.070301350486
 0.414148063314  0.530365048998
 0.416892230546  0.473438118358
 0.419488124687  0.155770635311
 0.420895719642  0.925841215591
 0.422575604133  0.803849093444
 0.422671799575  0.747873871750
 0.437500000000  0.000000000000
 0.449883512208  0.227682589991
 0.457824931499  0.853365648876
 0.457946202710  0.688508762435
 0.461864848938  0.311609688472
 0.464183224678  0.587425710324
 0.466885935238  0.502050403144
 0.468375755094  0.105587970037
 0.468399684978  0.416955595395
 0.468750000000  1.000000000000
 0.468905765605  0.049952631766
 0.480933474132  0.774935647303
 0.500000000000  0.000000000000
 0.505116118814  0.247783416467
 0.515355788972  0.169807715918
 0.516648972267  0.530874470953
 0.518997076067  0.917132411530
 0.519640833449  0.474067195727
 0.528651194880  0.072771730137
 0.529726936783  0.358670286118
 0.530415701146  0.834831615867
 0.531254808010  0.648080388425
 0.532173131434  0.717143548712
 0.545009212389  0.294778485549
 0.549839725703  0.774505425653
 0.553216438132  0.578891951311
 0.557309158191  0.233023861739
 0.562500000000  0.000000000000
 0.562500000000  1.000000000000
 0.564747228545  0.425540341743
 0.574271052271  0.683385921116
 0.576694175710  0.505403325896
 0.582502171318  0.871838935494
 0.582781834019  0.122423865219
 0.598989015854  0.811297259004
 0.601498706959  0.060385975837
 0.605128265372  0.268290793475
 0.607338263956  0.345667917268
 0.609836981583  0.192289883188
 0.611822174766  0.929752630080
 0.611932628135  0.463026028238
 0.612768932426  0.730395341448
 0.614443606225  0.637499129353
 0.615281752791  0.560124558262
 0.625000000000  0.000000000000
 0.643321855947  0.419543299621
 0.653062468463  0.861129158311
 0.656250000000  1.000000000000
 0.656764006094  0.242689310511
 0.658066683562  0.049239326851
 0.658393085651  0.298241543316
 0.658462297265  0.116567082436
 0.662592948686  0.499603625395
 0.664125900917  0.792376880717
 0.667805741102  0.684657538685
 0.673891156942  0.579932432047
 0.686948933061  0.635650959493
 0.687500000000  0.000000000000
 0.692228284314  0.194105059830
 0.694144861176  0.827891088476
 0.696566250468  0.926530706191
 0.700412397266  0.736360999563
 0.704401849935  0.355954973741
 0.705271645943  0.435796800975
 0.715319974535  0.269166564624
 0.716653941154  0.061463787791
 0.721927754915  0.543940304820
 0.727849177674  0.859413707356
 0.730905862565  0.676365425905
 0.731724559603  0.795212692910
 0.746022360518  0.605582602960
 0.747817630655  0.136646258458
 0.749055713233  0.313621546296
 0.750000000000  0.000000000000
 0.750000000000  1.000000000000
 0.752945859484  0.487557347168
 0.761721917572  0.211974839920
 0.764669675947  0.414912059581
 0.777375166431  0.907443695912
 0.778503190167  0.549718022610
 0.786894973775  0.274787922792
 0.789729732199  0.657235979790
 0.791056399497  0.735433122433
 0.792985018798  0.065579455297
 0.793581887648  0.174862385011
 0.793932956113  0.348306380219
 0.799844753425  0.826894268992
 0.810558940268  0.455944912555
 0.813104166667  0.000000000000
 0.821105390015  0.135491057250
 0.824933700757  0.406498319159
 0.827022164089  0.512369335361
 0.839593465115  0.038260046619
 0.839905627126  0.596690310908
 0.840875355909  0.213359704538
 0.840984809845  0.779942660661
 0.842993538795  0.676681999095
 0.843101893516  0.882815064454
 0.843593967697  0.947776648190
 0.843750000000  1.000000000000
 0.852731938114  0.298009648556
 0.867895209394  0.368038967273
 0.868994962158  0.082520980036
 0.876812500000  0.000000000000
 0.878061115299  0.151274457403
 0.884294730358  0.825037132939
 0.884890131351  0.449815000888
 0.887614931789  0.735576845124
 0.890110074989  0.530290905689
 0.901018550321  0.656363278900
 0.904589206349  0.259136021559
 0.909442534605  0.905693656182
 0.920537717549  0.321895818798
 0.922400393098  0.197363180237
 0.927165931345  0.385938018091
 0.928856542258  0.695315516132
 0.933507715630  0.124690354477
 0.934456849322  0.055494283149
 0.937500000000  1.000000000000
 0.938708333333  0.000000000000
 0.941961539729  0.587041138977
 0.948987423419  0.787307678390
 0.956390335824  0.505350032542
 0.958346076995  0.853184123483
 0.964589947894  0.725479989525
 0.967211009763  0.660652880554
 0.974505565708  0.430713295878
 0.984943738345  0.354557887852
 0.984954335897  0.262364048534
 0.985153901647  0.034791694769
 0.989750990258  0.171279196943
 0.991081206497  0.816154865218
 0.991562033198  0.922727994801
 1.000000000000  0.000000000000
 1.002755899797  0.091168547344
 1.006667934884  0.548179650748
 1.018097100741  0.771527446920
 1.025935266189  0.695555227463
 1.031250000000  1.000000000000
 1.032023301616  0.614331320377
 1.035284378929  0.849114661394
 1.041172436903  0.485324066369
 1.044783777386  0.206180355405
 1.049299682519  0.144520159763
 1.049612416387  0.321828301110
 1.052631578947  0.020598826742
 1.053788905218  0.399954221161
 1.062601320757  0.261408433655
 1.066949081638  0.550571856789
 1.073889260850  0.087084174192
 1.076921195294  0.797383645176
 1.080147507011  0.924676053073
 1.080563079468  0.735898363926
 1.080587780066  0.176911843187
 1.092622887873  0.667755975882
 1.097802748266  0.353224014835
 1.103284276862  0.450016889765
 1.105263157895  0.038621340638
 1.110940625569  0.215845197599
 1.111167205960  0.141619295309
 1.120677624487  0.294407400046
 1.122381741704  0.595517859777
 1.123148220901  0.086213557583
 1.125000000000  1.000000000000
 1.127312655638  0.847133357803
 1.127849909994  0.398769879663
 1.128654144885  0.512021751514
 1.130009848677  0.774627382058
 1.141522092717  0.712752359217
 1.148006899755  0.348288216450
 1.154391718227  0.656231301761
 1.157894736842  0.054178611251
 1.166553430370  0.109576917006
 1.168916377043  0.446561616735
 1.169875719853  0.174214968170
 1.172394512340  0.925149855848
 1.178816261563  0.802709044858
 1.181048254033  0.243821517880
 1.181599772943  0.750181740065
 1.182592948723  0.557316090567
 1.191737192220  0.383464990032
 1.195350767641  0.314179211363
 1.198022390689  0.616474356127
 1.210526315789  0.067361426804
 1.214954448166  0.501719363985
 1.216925057335  0.694762974919
 1.218750000000  1.000000000000
 1.220049130740  0.850425830849
 1.223307367566  0.198261447383
 1.227051663421  0.132946569326
 1.234126984234  0.774541735468
 1.244507894781  0.431187026749
 1.248929798466  0.567415378664
 1.257639040728  0.353052178665
 1.258522527850  0.632813843539
 1.263157894737  0.078243254304
 1.264401054799  0.925002228628
 1.266439106232  0.259383494597
 1.266879912293  0.731963844469
 1.267203881040  0.813913252346
 1.274969084653  0.176947459232
 1.282480365115  0.123978502792
 1.300812764617  0.854351604578
 1.301879342906  0.686175741103
 1.312500000000  1.000000000000
 1.313180385724  0.773651502276
 1.314286366967  0.498832536345
 1.315789473684  0.086882466271
 1.318135579088  0.402249587662
 1.321478870034  0.204778041850
 1.323863169127  0.601027909230
 1.328725298678  0.323987297853
 1.333064354830  0.144254873558
 1.350528587610  0.255039722532
 1.360345172580  0.657114304321
 1.362907615632  0.916745576353
 1.368421052632  0.093324004497
 1.370037163462  0.716772849976
 1.372174447850  0.833966516773
 1.375687120630  0.553668013325
 1.381839513681  0.435813770068
 1.382730078143  0.368863385372
 1.383357610840  0.189604200295
 1.388133183678  0.134416464092
 1.389590899803  0.773277875406
 1.398913544197  0.303354389807
 1.406250000000  1.000000000000
 1.406609376457  0.498894147412
 1.407579155758  0.613335100975
 1.409473045052  0.243773196049
 1.409500957024  0.675604351603
 1.421052631579  0.097600598420
 1.421405120811  0.399413063855
 1.427331713161  0.870491099874
 1.433899184876  0.555776277443
 1.435945056596  0.146319230625
 1.441044380241  0.809073457762
 1.449874077090  0.202676467001
 1.452334359189  0.728381091585
 1.454681457227  0.656303406403
 1.456771544688  0.439526055953
 1.457960020970  0.929702104468
 1.459462047239  0.354677555146
 1.466615071953  0.270532592744
 1.473684210526  0.099733618564
 1.478205410583  0.513736212358
 1.497331994498  0.596976121097
 1.500000000000  1.000000000000
 1.500802077750  0.786804055421
 1.500982976709  0.156230082513
 1.501635428954  0.309931811493
 1.503903349852  0.857463715419
 1.504607055018  0.674208753199
 1.505974157230  0.218240342671
 1.514423459438  0.402211114038
 1.526315789474  0.099733618564
 1.531210738689  0.463883095405
 1.535012529136  0.345729144401
 1.541399797543  0.529634531318
 1.547891865781  0.930864991234
 1.548662094430  0.271272820322
 1.549555369107  0.731616843567
 1.554273270191  0.138060699983
 1.559516715731  0.805279331582
 1.561209530343  0.192978941932
 1.562918223136  0.652628880662
 1.578947368421  0.097600598420
 1.589125513132  0.770652826948
 1.590199918968  0.326922501112
 1.592273617167  0.403040574320
 1.592910317726  0.235266537995
 1.593141892340  0.864894809599
 1.593750000000  1.000000000000
 1.596069631532  0.580154686212
 1.603275903400  0.144567133066
 1.604287862302  0.492386612701
 1.606895224774  0.693077345109
 1.624283183098  0.199123637252
 1.625684914245  0.642742286597
 1.625922794713  0.743508541593
 1.625946395795  0.804561112074
 1.631578947368  0.093324004497
 1.637879847282  0.272860710405
 1.638182589584  0.930532066355
 1.638973245836  0.443129939331
 1.639606293827  0.347504701620
 1.656237355680  0.539520988611
 1.666821988129  0.148924675993
 1.673211205436  0.690298470099
 1.676068825555  0.480558882699
 1.678289113961  0.213452997708
 1.681832936696  0.856374237994
 1.684210526316  0.086882466271
 1.684804441650  0.605964839155
 1.686337000097  0.401715532694
 1.687500000000  1.000000000000
 1.689423872291  0.324862488180
 1.695912847002  0.771250552475
 1.717633486513  0.125930256815
 1.720840334738  0.534055679431
 1.722846788244  0.928582288691
 1.724879971780  0.181007274499
 1.732130055623  0.262856765004
 1.735686361676  0.658195469937
 1.736842105263  0.078243254304
 1.737046071542  0.716192142994
 1.741141409488  0.464822385853
 1.742427619151  0.818900102570
 1.746379227567  0.343167435314
 1.749347204518  0.871626915833
 1.763843387087  0.403602167561
 1.773687668896  0.134927964159
 1.777252955585  0.203568930981
 1.781250000000  1.000000000000
 1.781586812456  0.515011321667
 1.781806314795  0.304061190578
 1.781896037532  0.765821311746
 1.786118277030  0.595962255536
 1.789473684211  0.067361426804
 1.795714959374  0.909173852099
 1.797539402297  0.688690739489
 1.802230129779  0.837507299994
 1.817995722394  0.451347555831
 1.818771369225  0.258904524253
 1.826414341427  0.352252463981
 1.829855974770  0.737868602352
 1.833200747542  0.178247898216
 1.835532666482  0.109881659748
 1.842105263158  0.054178611251
 1.842752291434  0.527537514059
 1.847914436976  0.646601790031
 1.849158588226  0.941107835014
 1.862332855245  0.873653397547
 1.867141963639  0.704991263650
 1.871844703039  0.785112842686
 1.875000000000  1.000000000000
 1.878670137101  0.590922916361
 1.879140374545  0.292357539127
 1.879147383866  0.084772493676
 1.879639280161  0.477878435000
 1.891325483692  0.415451745294
 1.894736842105  0.038621340638
 1.896562487312  0.139755326720
 1.898557250737  0.221895381503
 1.912675488433  0.654515936667
 1.912878217172  0.529745938148
 1.913417052240  0.346045963831
 1.923553685327  0.847161657933
 1.926196393511  0.922220073971
 1.928571081544  0.081544169534
 1.932976392619  0.722220585888
 1.939206961853  0.467204098372
 1.942489814000  0.283022834129
 1.946615112538  0.175689352383
 1.947368421053  0.020598826742
 1.957223232734  0.126574786927
 1.968750000000  1.000000000000
 1.969638077765  0.790864003774
 1.970408699605  0.591979600770
 1.971602437647  0.518516132800
 1.973386887799  0.332819826219
 1.973399940905  0.398250456271
 1.976513398937  0.225357069814
 1.979692225660  0.670274755375
 1.985443917969  0.864774056457
 1.996780382911  0.727564338237
 1.999535518362  0.082877523516
 2.000000000000  0.000000000000
 2.007212682195  0.467257400237
 2.011983805945  0.160204544788
 2.015176142897  0.032010207727
 2.015671084701  0.929467321946
 2.017661291354  0.636421393789
 2.019267238487  0.285432821903
 2.023489521263  0.351394888245
 2.029529530233  0.533062206345
 2.030005133056  0.823005962164
 2.040356715858  0.221392683084
 2.043956684132  0.766123944790
 2.048282334456  0.873498605379
 2.057034941253  0.685499567583
 2.061291666667  0.000000000000
 2.062325575303  0.601904393943
 2.062500000000  1.000000000000
 2.064115319383  0.048622935282
 2.065713465686  0.481975945142
 2.069587430640  0.408497139782
 2.073355422417  0.110530969649
 2.079070416180  0.328413901472
 2.092026393331  0.179299470684
 2.098670010183  0.534570097343
 2.100929205112  0.915993289399
 2.102031603014  0.257137171028
 2.102196836349  0.824920816118
 2.103483379745  0.746638830460
 2.105396591539  0.643228942208
 2.115088571364  0.066920748909
 2.123187500000  0.000000000000
 2.125349047448  0.470357526548
 2.127409529187  0.361915133362
 2.137460639382  0.310942788055
 2.140656993203  0.871453208745
 2.144749299171  0.689243888071
 2.155871529447  0.597102805694
 2.156250000000  1.000000000000
 2.157555513108  0.521835497457
 2.157802741939  0.410710781093
 2.160097087701  0.121955721608
 2.160703192735  0.050356866783
 2.164118853614  0.203880203328
 2.165308780335  0.767653556540
 2.181341677470  0.908050691632
 2.181557530977  0.270822207670
 2.183384444321  0.836904135407
 2.186895833333  0.000000000000
 2.193986749537  0.343892254722
 2.202479921031  0.471153516378
 2.205520209624  0.722195294602
 2.206375950152  0.168899824651
 2.208521473134  0.538875229947
 2.216780458206  0.660483062527
 2.216877099287  0.061458473770
 2.224042795569  0.404257442738
 2.239891388914  0.293700359891
 2.247562077980  0.218233553082
 2.248819837023  0.870848719767
 2.249807787596  0.946282781790
 2.250000000000  0.000000000000
 2.250000000000  1.000000000000
 2.251464418862  0.132503313761
 2.253348750663  0.783004876792
 2.253423345651  0.590066285942
 2.255420595942  0.710234530085
 2.266206293043  0.513356788367
 2.277228173273  0.441645140139
 2.285230769465  0.061821322328
 2.286422613626  0.660366623899
 2.286631317860  0.354540036268
 2.292516212780  0.276662388548
 2.297094178434  0.174927708547
 2.307318512152  0.842244816243
 2.312277386214  0.724230562909
 2.312500000000  0.000000000000
 2.312728485865  0.553106062605
 2.319092536387  0.907701380109
 2.327126303253  0.611143339698
 2.338584046548  0.416494790663
 2.342079869410  0.300294065675
 2.342783917917  0.124556479006
 2.342957967141  0.050786587622
 2.342998379653  0.491078496467
 2.343539159477  0.222165671659
 2.343750000000  1.000000000000
 2.350600953544  0.789384773593
 2.351132748368  0.672220220959
 2.369516484194  0.859989471015
 2.374014219053  0.564833008484
 2.374824068102  0.727971549494
 2.375000000000  0.000000000000
 2.380003954624  0.358755629436
 2.386201647051  0.625548322337
 2.398992067260  0.927245498795
 2.399651155555  0.061198138453
 2.400792275422  0.172704644726
 2.401236939228  0.284561066727
 2.404089868523  0.436313654098
 2.410099882635  0.819719780153
 2.420247087736  0.119795280841
 2.421473174120  0.225354886339
 2.424455490204  0.681607525902
 2.426674020340  0.513068928341
 2.433026636133  0.763684825436
 2.437500000000  0.000000000000
 2.437500000000  1.000000000000
 2.441374994891  0.331079406781
 2.442028724203  0.869759143744
 2.444352284369  0.387714799549
 2.445768111981  0.598756126251
 2.465606573651  0.818715638702
 2.473514524997  0.073168450917
 2.477357586593  0.271606345640
 2.480430125420  0.171647198525
 2.485086974254  0.929322031143
 2.485445505372  0.657421460774
 2.493084255778  0.448969453744
 2.493612828388  0.719008449615
 2.500000000000  0.000000000000
 2.500697854601  0.538686365584
 2.502777353967  0.357471367230
 2.509827639336  0.783789298463
 2.522976957462  0.609170275221
 2.524789440610  0.854748925973
 2.531250000000  1.000000000000
 2.533287239893  0.049380769407
 2.543764700156  0.109419261800
 2.544901342343  0.675701573889
 2.545765519257  0.231123230872
 2.549331196037  0.404555084663
 2.549943966558  0.300520662002
 2.550773661646  0.501082051242
 2.560527855763  0.169960642563
 2.560859387902  0.741717810546
 2.562500000000  0.000000000000
 2.567842948022  0.357604889591
 2.568952506495  0.559456138227
 2.569870358364  0.452273920563
 2.570493408776  0.802169203564
 2.575192415315  0.926578215724
 2.590996618042  0.626710866964
 2.592120564358  0.058773163405
 2.598946788809  0.264723706837
 2.611242699817  0.207044769668
 2.612120103247  0.695723356519
 2.614790894259  0.322475751795
 2.618438710184  0.850414255332
 2.622574994796  0.131084182990
 2.624648547556  0.405093393265
 2.625000000000  0.000000000000
 2.625000000000  1.000000000000
 2.626798825097  0.501203157466
 2.626802562339  0.577380425004
 2.630741000732  0.771114023399
 2.660689809941  0.061154509288
 2.662819052616  0.923004615092
 2.665820037454  0.813000550737
 2.668712732111  0.184944602466
 2.671729850025  0.717656758694
 2.672499710931  0.262290251312
 2.673488040313  0.638566231814
 2.674346425199  0.343332412860
 2.674779997640  0.453246704399
 2.677924675574  0.559673943701
 2.687500000000  0.000000000000
 2.694846200021  0.853374585000
 2.716057227592  0.777453997663
 2.718750000000  1.000000000000
 2.719922455231  0.050662786135
 2.721495910475  0.202217940457
 2.721504489838  0.124877462120
 2.724920181298  0.405434045541
 2.725131857403  0.501394720463
 2.728401760851  0.701059776353
 2.733872528351  0.584509451874
 2.736115725855  0.320363962268
 2.739108963975  0.904250219866
 2.746783479214  0.644940176252
 2.750000000000  0.000000000000
 2.754949145300  0.837600619699
 2.757805511919  0.252199298476
 2.764955236979  0.739686792870
 2.779687744994  0.059926157177
 2.780406225576  0.454486599247
 2.783375441720  0.186159183724
 2.783596716710  0.551248488905
 2.785385297083  0.358756074101
 2.790296521451  0.939835465971
 2.799131988548  0.611151848537
 2.799173278864  0.690719312877
 2.802378621167  0.502845299573
 2.803042572054  0.407581962309
 2.806839735905  0.301971008569
 2.807539347299  0.871340210374
 2.810376506882  0.781982579143
 2.812500000000  0.000000000000
 2.812500000000  1.000000000000
 2.815720954806  0.122069336869
 2.827006048586  0.237956450829
 2.852404946458  0.061233602358
 2.856643899035  0.178214191931
 2.857153907883  0.456033651776
 2.859435641716  0.553600386701
 2.861384533654  0.364017970729
 2.867143459636  0.923088800894
 2.869938477040  0.642151232491
 2.871111326477  0.718955031999
 2.874497867730  0.840109049713
 2.874568124951  0.283656064366
 2.875000000000  0.000000000000
 2.887572505251  0.226329179051
 2.888088567999  0.778282385488
 2.898072706886  0.121912682007
 2.898431936846  0.411520853597
 2.902005515722  0.597579581591
 2.906250000000  1.000000000000
 2.919588460391  0.505734129114
 2.923367377276  0.684250721162
 2.925544298889  0.318449945248
 2.927299641329  0.876254970233
 2.927964727535  0.062410163852
 2.931473109495  0.181389703513
 2.937500000000  0.000000000000
 2.937729519304  0.448613915017
 2.938161739446  0.739020510747
 2.940997310209  0.633578596861
 2.944647979159  0.251384967064
 2.945615404385  0.809981169376
 2.945658106762  0.380406985026
 2.945801298481  0.567432027094
 2.948506496718  0.935430668433
 3.000000000000  0.000000000000
 3.000000000000  0.062500000000
 3.000000000000  0.125000000000
 3.000000000000  0.187500000000
 3.000000000000  0.250000000000
 3.000000000000  0.312500000000
 3.000000000000  0.375000000000
 3.000000000000  0.437500000000
 3.000000000000  0.500000000000
 3.000000000000  0.562500000000
 3.000000000000  0.625000000000
 3.000000000000  0.687500000000
 3.000000000000  0.750000000000
 3.000000000000  0.812500000000
 3.000000000000  0.875000000000
 3.000000000000  0.937500000000
 3.000000000000  1.000000000000
