730 713 729 
698 713 730 
571 558 565 
687 698 679 
713 698 687 
418 403 408 
432 418 408 
488 503 489 
475 488 489 
8 23 30 
378 376 382 
719 720 711 
696 706 684 
711 706 696 
722 706 721 
711 720 721 
721 706 711 
585 571 565 
602 585 599 
603 599 591 
589 603 591 
595 603 589 
618 603 613 
613 603 595 
630 615 609 
626 615 630 
728 729 713 
684 706 699 
722 712 699 
699 706 722 
670 687 679 
676 687 670 
360 349 342 
342 349 334 
306 308 323 
414 432 408 
445 432 451 
29 2 24 
22 2 29 
62 77 60 
109 110 121 
94 110 109 
94 109 96 
94 96 83 
7 23 8 
49 30 23 
49 48 30 
49 59 66 
116 106 104 
111 116 104 
20 14 33 
33 14 26 
341 356 362 
330 356 341 
376 380 391 
121 110 123 
669 658 675 
711 696 686 
686 669 675 
686 696 684 
705 703 692 
716 717 704 
695 716 704 
703 716 695 
617 608 601 
591 599 580 
580 599 585 
565 561 580 
580 585 565 
574 589 591 
591 580 574 
574 580 561 
574 552 562 
561 552 574 
579 583 595 
595 589 579 
579 574 562 
589 574 579 
492 488 477 
592 585 602 
571 585 592 
595 583 596 
609 615 596 
611 615 626 
611 613 595 
595 596 611 
611 596 615 
624 617 632 
608 617 624 
609 608 624 
624 630 609 
625 611 626 
613 611 625 
642 625 626 
675 658 663 
658 642 663 
681 663 667 
675 663 681 
709 693 704 
709 717 718 
704 717 709 
718 719 709 
489 503 501 
503 514 501 
476 475 489 
489 501 476 
476 501 483 
517 518 535 
519 541 543 
526 541 519 
537 531 521 
521 531 513 
513 501 521 
521 501 514 
549 531 537 
549 561 565 
537 552 549 
549 552 561 
723 712 722 
723 724 712 
708 697 712 
712 724 708 
713 687 702 
702 728 713 
689 672 688 
697 708 688 
673 668 655 
664 656 672 
649 656 664 
428 410 415 
415 410 398 
403 412 394 
394 391 403 
382 376 394 
376 391 394 
403 418 420 
420 412 403 
305 300 313 
313 300 318 
297 300 285 
309 325 318 
309 300 297 
318 300 309 
307 309 297 
325 309 307 
317 333 330 
330 311 317 
361 349 360 
345 353 332 
318 325 329 
329 332 318 
345 332 329 
292 312 296 
296 312 308 
256 281 263 
217 218 232 
207 218 217 
260 272 264 
264 249 260 
304 287 298 
298 287 286 
258 249 264 
245 249 258 
340 357 336 
335 323 336 
372 357 365 
369 357 372 
327 322 331 
432 414 429 
473 451 460 
467 458 477 
477 488 467 
488 475 467 
433 426 419 
427 426 441 
381 396 389 
389 396 402 
402 392 389 
1 24 2 
25 1 0 
24 1 25 
2 22 3 
60 77 63 
92 77 95 
95 111 92 
92 111 104 
95 77 91 
71 62 55 
47 62 60 
39 55 47 
47 55 62 
29 24 47 
87 84 72 
66 59 72 
72 84 66 
102 87 107 
102 84 87 
107 123 102 
102 123 110 
102 110 94 
94 84 102 
10 9 21 
38 43 21 
43 28 21 
10 21 11 
11 21 28 
68 58 78 
61 58 43 
61 78 58 
80 84 94 
94 83 80 
66 84 80 
54 49 66 
48 49 54 
4 3 18 
18 3 22 
18 5 4 
31 5 18 
19 7 6 
23 7 19 
6 5 19 
19 5 31 
127 125 115 
133 125 127 
150 148 133 
122 125 133 
119 123 107 
119 116 128 
106 116 119 
87 73 90 
104 106 90 
90 92 104 
90 73 69 
128 116 129 
129 141 128 
129 111 122 
116 111 129 
122 133 129 
129 133 148 
153 141 129 
129 148 153 
142 159 150 
142 133 127 
150 133 142 
151 141 153 
153 163 151 
15 20 16 
14 20 15 
16 20 32 
13 26 14 
12 11 17 
17 11 28 
17 13 12 
26 13 17 
253 266 278 
393 391 380 
408 403 393 
403 391 393 
666 673 655 
684 673 666 
691 686 675 
675 681 691 
691 681 693 
693 709 691 
715 716 703 
715 705 714 
703 705 715 
683 681 667 
693 681 683 
704 693 683 
683 695 704 
667 653 680 
680 683 667 
695 683 680 
599 603 612 
612 620 599 
612 603 618 
618 631 612 
612 631 620 
602 599 614 
599 620 614 
578 596 583 
562 552 553 
552 538 553 
537 521 530 
530 521 514 
530 552 537 
530 538 552 
529 542 536 
502 481 499 
503 488 507 
488 492 507 
584 592 598 
637 624 632 
630 624 637 
637 653 630 
652 653 667 
667 663 652 
652 663 642 
701 719 711 
701 709 719 
701 691 709 
711 686 701 
686 691 701 
505 490 500 
500 490 483 
500 513 505 
500 501 513 
483 501 500 
487 478 473 
495 478 487 
475 476 461 
461 467 475 
558 571 560 
535 551 547 
520 518 505 
505 513 520 
513 531 520 
535 518 546 
546 551 535 
558 560 546 
546 560 551 
510 517 495 
518 517 510 
445 451 459 
459 451 473 
473 478 459 
567 543 541 
506 526 519 
495 517 509 
509 493 495 
509 517 525 
480 478 495 
495 493 480 
463 471 450 
565 558 548 
548 549 565 
531 549 548 
558 546 548 
725 708 724 
690 687 676 
690 702 687 
697 688 685 
668 673 685 
712 697 685 
685 699 712 
684 699 685 
685 673 684 
671 688 672 
668 685 671 
671 685 688 
655 668 657 
668 671 657 
641 643 656 
641 649 636 
641 656 649 
650 670 679 
450 428 446 
446 463 450 
447 463 446 
387 398 410 
435 420 418 
435 432 445 
418 432 435 
283 285 300 
269 283 267 
285 283 269 
263 281 276 
285 269 276 
297 285 276 
276 254 263 
276 269 254 
294 307 297 
297 276 294 
294 276 281 
306 323 321 
334 325 321 
325 307 321 
321 323 335 
321 342 334 
335 342 321 
278 266 290 
290 301 278 
311 301 290 
348 366 356 
348 356 330 
330 333 348 
349 361 343 
345 329 343 
334 349 343 
343 325 334 
343 329 325 
354 353 345 
345 343 354 
354 343 361 
320 313 318 
318 332 320 
320 314 305 
305 313 320 
320 317 314 
333 317 320 
339 332 353 
333 320 339 
339 320 332 
234 232 218 
249 232 244 
248 260 244 
244 260 249 
244 234 248 
232 234 244 
218 207 203 
188 180 172 
198 180 188 
188 203 198 
198 203 207 
186 180 198 
198 207 217 
166 148 150 
166 180 186 
153 148 166 
209 219 228 
217 232 231 
231 219 217 
231 249 245 
231 232 249 
245 228 231 
231 228 219 
204 219 209 
186 198 204 
217 219 204 
204 198 217 
237 223 221 
191 209 195 
195 179 191 
195 187 179 
310 304 298 
303 312 292 
272 286 277 
264 272 277 
277 286 287 
274 273 268 
274 277 287 
264 277 274 
274 258 264 
268 258 274 
268 273 257 
273 262 257 
245 258 257 
257 258 268 
275 273 292 
275 262 273 
292 296 275 
296 284 275 
259 262 275 
368 364 379 
389 392 379 
359 364 350 
397 417 411 
335 336 347 
347 336 357 
326 323 308 
326 336 323 
340 336 326 
308 312 326 
444 451 432 
432 429 444 
444 460 451 
444 429 437 
437 429 421 
421 429 414 
384 369 372 
455 461 476 
483 490 474 
474 490 473 
473 460 474 
484 492 477 
484 481 502 
484 470 481 
443 456 453 
442 441 426 
426 433 442 
433 443 442 
442 443 453 
458 441 457 
457 442 453 
441 442 457 
370 364 359 
407 402 396 
416 426 427 
427 417 416 
36 25 39 
24 25 36 
39 47 36 
36 47 24 
100 91 85 
95 91 108 
108 125 122 
108 91 100 
108 111 95 
122 111 108 
100 115 108 
108 115 125 
70 73 87 
87 72 70 
70 72 59 
97 88 98 
98 78 93 
88 78 98 
156 137 145 
175 189 162 
38 21 27 
27 21 9 
27 48 38 
30 48 27 
27 9 8 
8 30 27 
81 96 93 
81 83 96 
93 78 81 
78 61 81 
48 54 64 
83 81 64 
64 81 61 
64 80 83 
66 80 64 
64 54 66 
31 18 40 
37 49 23 
23 19 37 
87 90 103 
103 90 106 
107 87 103 
103 119 107 
106 119 103 
79 90 69 
92 90 79 
69 63 79 
79 63 77 
77 92 79 
165 163 179 
165 151 163 
177 192 178 
178 160 177 
179 187 177 
177 165 179 
44 20 33 
44 32 20 
41 17 28 
43 58 41 
41 28 43 
236 239 251 
222 239 236 
236 220 222 
222 220 210 
211 208 224 
224 222 211 
266 255 279 
279 290 266 
233 214 213 
226 233 213 
213 214 189 
247 253 233 
247 233 226 
247 255 266 
266 253 247 
206 223 208 
202 221 206 
206 221 223 
178 192 190 
190 192 202 
202 206 190 
167 160 178 
178 190 167 
167 190 181 
146 144 155 
155 144 160 
155 167 146 
160 167 155 
132 144 146 
121 123 132 
123 144 132 
684 666 674 
674 686 684 
669 686 674 
665 680 653 
628 631 618 
625 642 628 
618 613 628 
613 625 628 
654 666 655 
658 669 654 
669 674 654 
654 674 666 
602 614 619 
536 542 550 
563 578 566 
566 578 583 
562 553 566 
566 579 562 
583 579 566 
539 553 538 
539 566 553 
504 484 502 
492 484 504 
502 522 504 
504 522 524 
504 507 492 
524 507 504 
512 529 523 
523 529 536 
536 522 523 
512 499 496 
485 499 481 
485 469 482 
481 469 485 
482 496 485 
485 496 499 
456 469 464 
453 456 464 
481 470 464 
464 469 481 
464 457 453 
470 457 464 
527 507 524 
538 530 527 
527 539 538 
524 539 527 
559 567 541 
647 637 632 
640 642 626 
640 652 642 
626 630 640 
630 653 640 
653 652 640 
439 455 437 
461 455 439 
575 592 584 
571 592 575 
575 560 571 
525 517 532 
532 517 535 
535 547 532 
495 487 497 
497 510 495 
497 490 505 
505 518 497 
518 510 497 
473 490 497 
497 487 473 
498 506 519 
526 506 516 
465 459 478 
478 480 465 
479 463 462 
462 463 447 
412 422 406 
422 424 406 
415 398 406 
406 424 415 
412 420 431 
431 422 412 
420 435 431 
534 548 546 
518 520 534 
534 546 518 
534 520 531 
531 548 534 
707 725 726 
677 672 689 
677 664 672 
662 649 677 
649 664 677 
676 662 677 
677 690 676 
660 657 671 
672 656 660 
660 671 672 
656 643 660 
643 657 660 
638 650 633 
633 622 638 
607 622 633 
374 387 362 
362 356 374 
356 366 374 
398 387 374 
305 291 293 
293 300 305 
293 283 300 
254 269 252 
252 269 267 
267 251 252 
252 251 239 
299 294 281 
307 294 299 
306 321 299 
299 321 307 
319 301 311 
330 341 319 
319 311 330 
311 290 302 
314 317 302 
302 317 311 
305 314 302 
302 291 305 
302 279 291 
290 279 302 
367 361 380 
367 354 361 
367 380 376 
376 353 367 
353 354 367 
366 348 351 
351 339 353 
351 348 333 
333 339 351 
295 308 306 
295 296 308 
295 284 296 
261 242 259 
159 172 164 
150 159 164 
164 172 180 
164 166 150 
180 166 164 
173 163 153 
153 166 173 
173 166 186 
173 186 191 
191 179 173 
179 163 173 
191 186 199 
186 204 199 
199 209 191 
199 204 209 
209 228 225 
243 242 227 
227 225 243 
243 262 259 
259 242 243 
243 257 262 
243 225 228 
243 228 245 
245 257 243 
316 310 322 
316 322 327 
304 310 316 
287 304 289 
304 303 289 
289 274 287 
273 274 289 
292 273 289 
289 303 292 
340 344 358 
358 357 340 
358 365 357 
337 344 328 
328 326 312 
328 344 340 
340 326 328 
352 344 337 
337 350 352 
368 358 352 
352 358 344 
352 364 368 
352 350 364 
359 350 346 
417 397 405 
405 397 392 
405 416 417 
392 402 405 
402 416 405 
385 379 392 
392 397 385 
357 369 355 
355 347 357 
360 342 355 
355 342 335 
335 347 355 
404 421 414 
409 421 404 
400 397 411 
411 409 400 
409 384 400 
373 361 360 
460 444 454 
454 444 437 
437 455 454 
458 457 468 
468 457 470 
477 458 468 
468 484 477 
470 484 468 
377 379 364 
364 370 377 
377 370 381 
377 381 389 
389 379 377 
413 407 419 
419 426 413 
426 416 413 
402 407 413 
413 416 402 
71 85 75 
75 85 91 
75 62 71 
77 62 75 
75 91 77 
137 156 139 
97 98 114 
211 222 197 
197 222 210 
120 109 121 
120 96 109 
157 156 145 
169 156 157 
174 161 168 
117 99 113 
113 99 97 
97 114 113 
86 88 97 
97 99 86 
154 161 175 
175 162 154 
154 162 143 
76 89 101 
143 124 131 
131 154 143 
48 64 51 
51 64 61 
38 48 51 
51 43 38 
51 61 43 
35 18 22 
35 40 18 
69 73 57 
73 70 57 
57 70 59 
31 40 57 
59 49 42 
49 37 42 
42 57 59 
31 57 42 
42 19 31 
42 37 19 
160 144 152 
152 177 160 
165 177 152 
151 165 152 
32 44 56 
50 44 33 
26 17 34 
17 41 34 
52 58 68 
52 41 58 
68 65 52 
236 251 246 
246 251 255 
265 251 267 
255 251 265 
265 279 255 
208 223 235 
235 224 208 
235 223 237 
239 222 230 
222 224 230 
212 220 226 
226 213 212 
193 189 175 
193 213 189 
193 212 213 
158 140 146 
146 167 158 
158 157 140 
146 140 130 
130 132 146 
121 132 130 
130 120 121 
140 120 130 
678 665 661 
680 665 682 
695 680 682 
682 678 692 
665 678 682 
692 703 682 
703 695 682 
661 665 651 
651 647 661 
637 647 651 
653 637 651 
651 665 653 
658 654 644 
644 642 658 
644 628 642 
631 628 644 
644 654 631 
605 619 623 
623 610 605 
605 610 598 
602 619 605 
605 592 602 
605 598 592 
635 643 623 
623 619 635 
557 550 542 
582 578 563 
563 577 582 
596 578 582 
587 577 573 
563 566 554 
566 539 554 
524 522 533 
533 539 524 
511 499 512 
512 523 511 
502 499 511 
511 522 502 
511 523 522 
515 530 514 
515 527 530 
507 527 515 
515 514 503 
503 507 515 
584 586 572 
627 610 623 
623 643 627 
643 641 627 
627 641 636 
610 627 616 
636 621 616 
616 627 636 
570 590 576 
576 559 570 
588 567 576 
567 559 576 
581 590 570 
581 586 593 
593 590 581 
525 532 545 
545 532 547 
541 526 540 
540 559 541 
411 417 423 
423 409 411 
461 439 452 
458 467 452 
467 461 452 
486 498 471 
486 463 479 
471 463 486 
506 498 486 
472 480 493 
493 491 472 
472 465 480 
472 491 479 
479 462 472 
493 509 508 
508 491 493 
508 509 525 
508 516 506 
436 424 422 
422 431 436 
412 406 395 
382 394 395 
395 394 412 
395 378 382 
440 431 435 
700 707 689 
689 688 700 
700 688 708 
708 725 700 
725 707 700 
726 727 710 
710 707 726 
702 690 710 
710 727 728 
728 702 710 
659 662 676 
676 670 659 
670 650 659 
650 638 659 
606 590 593 
629 621 636 
629 638 622 
622 606 629 
629 606 621 
597 607 588 
588 576 597 
597 576 590 
590 606 597 
622 607 597 
597 606 622 
398 374 386 
378 395 386 
386 366 378 
386 374 366 
386 406 398 
386 395 406 
378 366 363 
366 351 363 
376 378 363 
363 353 376 
363 351 353 
288 299 281 
306 299 288 
288 295 306 
270 261 259 
259 275 270 
270 275 284 
205 221 202 
205 216 221 
202 192 205 
221 216 229 
227 242 229 
229 216 227 
215 195 209 
209 225 215 
227 216 215 
215 225 227 
315 316 327 
312 303 315 
315 303 304 
304 316 315 
331 346 338 
338 346 350 
338 350 337 
338 337 327 
327 331 338 
375 358 368 
365 358 375 
368 379 375 
379 385 375 
372 365 375 
375 385 397 
399 384 409 
409 404 399 
401 414 408 
401 404 414 
380 361 388 
361 373 388 
388 393 380 
408 393 388 
388 401 408 
483 474 466 
466 454 455 
466 474 460 
460 454 466 
466 476 483 
466 455 476 
137 139 126 
126 113 114 
117 113 126 
174 168 184 
194 185 181 
181 190 194 
194 190 206 
194 206 208 
208 185 194 
196 208 211 
196 185 208 
211 197 196 
105 98 93 
93 96 105 
96 120 105 
136 120 140 
136 157 145 
140 157 136 
145 137 136 
176 156 169 
176 168 156 
176 184 168 
197 184 176 
149 168 161 
149 139 156 
156 168 149 
82 99 89 
82 86 99 
65 86 82 
74 65 68 
74 86 65 
88 86 74 
68 78 74 
74 78 88 
124 101 112 
117 131 112 
112 131 124 
112 99 117 
89 99 112 
112 101 89 
135 131 117 
117 126 135 
135 126 139 
139 149 135 
40 35 46 
60 63 46 
29 47 46 
46 47 60 
46 22 29 
46 35 22 
134 152 144 
123 119 134 
134 144 123 
76 56 67 
67 56 44 
44 50 67 
67 89 76 
67 82 89 
67 50 65 
65 82 67 
33 26 45 
26 34 45 
45 50 33 
65 50 45 
45 52 65 
45 34 41 
41 52 45 
238 247 226 
226 220 238 
255 247 238 
238 246 255 
238 220 236 
236 246 238 
291 279 282 
279 265 282 
282 293 291 
282 265 267 
267 283 282 
283 293 282 
250 235 237 
254 235 250 
263 254 250 
237 256 250 
250 256 263 
224 235 240 
240 230 224 
240 235 254 
254 252 240 
240 252 239 
239 230 240 
210 220 201 
220 212 201 
201 197 210 
201 184 197 
212 193 201 
182 193 175 
175 161 182 
182 161 174 
182 201 193 
174 184 182 
184 201 182 
157 158 170 
181 185 170 
170 167 181 
170 158 167 
646 657 643 
643 635 646 
655 657 646 
564 557 573 
573 577 564 
550 557 564 
563 550 564 
564 577 563 
609 596 594 
596 582 594 
594 608 609 
594 582 577 
577 587 594 
594 587 601 
601 608 594 
544 554 539 
539 533 544 
544 550 563 
563 554 544 
536 550 544 
544 522 536 
544 533 522 
551 560 569 
560 575 569 
569 575 584 
584 572 569 
584 598 600 
600 586 584 
598 610 600 
610 616 600 
604 616 621 
604 606 593 
621 606 604 
604 600 616 
593 586 604 
586 600 604 
556 545 547 
556 569 572 
556 547 551 
551 569 556 
526 516 528 
528 540 526 
528 508 525 
516 508 528 
525 545 528 
545 540 528 
555 540 545 
570 559 555 
559 540 555 
430 423 417 
439 423 430 
425 421 409 
409 423 425 
437 421 425 
425 439 437 
425 423 439 
427 441 438 
438 441 458 
458 452 438 
438 417 427 
438 430 417 
438 452 439 
439 430 438 
479 491 494 
494 486 479 
506 486 494 
494 508 506 
491 508 494 
424 436 434 
415 424 434 
447 446 434 
434 436 447 
434 428 415 
434 446 428 
448 435 445 
448 440 435 
445 459 448 
459 465 448 
449 436 431 
431 440 449 
447 436 449 
449 462 447 
465 472 449 
449 472 462 
449 448 465 
440 448 449 
694 710 690 
707 710 694 
689 707 694 
694 677 689 
690 677 694 
648 649 662 
662 659 648 
648 659 638 
638 629 648 
261 270 280 
280 270 284 
284 295 280 
295 288 280 
237 221 241 
221 229 241 
241 256 237 
241 261 256 
242 261 241 
241 229 242 
216 205 200 
200 215 216 
200 205 192 
187 195 200 
195 215 200 
200 177 187 
192 177 200 
324 328 312 
312 315 324 
337 328 324 
327 337 324 
324 315 327 
397 400 383 
383 375 397 
372 375 383 
383 384 372 
383 400 384 
369 384 371 
371 373 360 
360 355 371 
371 355 369 
373 371 390 
390 388 373 
401 388 390 
390 399 404 
404 401 390 
384 399 390 
390 371 384 
118 114 98 
98 105 118 
118 136 137 
118 105 120 
120 136 118 
137 126 118 
118 126 114 
183 196 197 
197 176 183 
183 176 169 
185 196 183 
154 131 147 
131 135 147 
147 135 149 
161 154 147 
147 149 161 
53 46 63 
40 46 53 
53 63 69 
69 57 53 
53 57 40 
138 119 128 
138 134 119 
128 141 138 
141 151 138 
151 152 138 
152 134 138 
634 646 635 
634 614 620 
620 631 634 
634 619 614 
634 635 619 
655 646 634 
545 556 568 
568 555 545 
568 556 572 
568 572 586 
586 581 568 
568 581 570 
570 555 568 
636 649 639 
649 648 639 
639 629 636 
639 648 629 
271 288 281 
271 280 288 
281 256 271 
256 261 271 
261 280 271 
171 170 185 
185 183 171 
171 183 169 
169 157 171 
157 170 171 
645 654 655 
655 634 645 
631 654 645 
645 634 631 
