1 26 -3 
4 0 -1 
313 335 17 
4 -1 30 
1 3 122 
135 256 6 
363 5 35 
290 102 8 
172 7 104 
44 45 515 
1000 133 965 
-3 15 299 
13 27 59 
16 12 57 
29 16 -3 
11 -3 16 
14 13 15 
80 2 68 
79 66 279 
274 65 20 
21 19 69 
23 20 75 
276 23 587 
22 21 84 
25 82 90 
83 24 631 
-3 0 123 
12 29 346 
118 345 29 
27 14 28 
31 3 356 
340 30 978 
147 33 776 
32 389 379 
716 460 375 
168 6 1036 
362 464 324 
38 178 191 
181 37 1097 
806 182 188 
41 55 812 
199 40 42 
41 813 43 
42 517 210 
219 9 -2 
46 9 527 
213 513 45 
839 193 212 
228 230 49 
236 48 185 
247 51 545 
50 249 1109 
53 683 -1 
385 52 698 
709 255 134 
40 198 579 
590 94 58 
13 59 302 
583 56 260 
57 12 582 
266 884 -1 
-3 100 62 
63 61 270 
264 62 885 
88 1168 -1 
19 66 70 
65 18 68 
115 71 68 
66 17 67 
77 20 70 
65 71 69 
70 67 73 
73 282 76 
117 72 71 
599 81 75 
21 77 74 
77 72 598 
69 76 75 
291 171 475 
80 18 900 
17 79 637 
74 281 85 
24 86 1162 
86 25 91 
92 23 85 
81 86 84 
85 82 83 
88 -1 293 
64 87 89 
1164 88 90 
294 24 89 
92 83 93 
84 91 588 
586 91 629 
56 95 97 
892 298 94 
97 297 267 
94 96 261 
263 269 100 
100 -3 101 
61 99 98 
-3 300 99 
7 103 105 
921 113 102 
311 8 105 
102 106 104 
105 308 1047 
323 318 640 
109 327 -1 
940 108 328 
114 111 284 
110 317 112 
307 113 111 
112 103 285 
337 110 116 
117 67 336 
286 117 114 
116 73 115 
119 28 -3 
-3 121 118 
125 344 121 
119 339 120 
4 341 123 
976 26 122 
668 348 968 
120 969 342 
343 351 258 
128 675 669 
355 127 671 
-1 130 1226 
129 360 657 
136 964 132 
134 257 131 
10 134 963 
54 132 133 
5 361 136 
659 131 135 
687 138 398 
137 142 395 
141 364 369 
144 149 142 
142 139 143 
138 141 140 
144 141 372 
140 143 377 
400 386 146 
699 702 145 
387 32 784 
392 401 151 
140 391 150 
151 396 149 
148 150 388 
436 153 451 
152 463 717 
1333 367 1132 
156 404 421 
410 155 416 
-1 438 158 
161 407 157 
747 160 435 
159 439 -1 
162 158 443 
423 161 447 
754 459 462 
378 461 458 
166 755 1032 
774 165 470 
745 -1 1027 
35 469 465 
325 466 474 
945 790 171 
78 172 170 
8 312 171 
480 799 -1 
488 479 1210 
-1 176 796 
175 487 177 
770 455 176 
180 37 -2 
180 -2 -1 
178 179 491 
38 215 -2 
39 537 1094 
538 186 184 
498 185 183 
184 49 231 
183 807 495 
805 190 -1 
190 39 1096 
-1 190 492 
189 187 188 
37 493 1095 
196 194 503 
47 504 194 
192 211 193 
196 531 197 
200 192 195 
226 198 195 
197 55 199 
198 41 200 
209 196 199 
-2 511 204 
831 203 510 
549 205 202 
201 205 -2 
204 203 251 
853 208 1081 
208 548 832 
519 206 207 
211 200 210 
43 523 209 
194 209 524 
213 47 525 
46 212 520 
-2 215 216 
214 181 833 
217 -2 214 
221 216 526 
219 -2 220 
44 218 528 
-2 221 218 
220 217 843 
223 501 -1 
225 222 242 
417 238 243 
496 223 237 
1100 197 532 
228 233 1308 
48 227 533 
502 232 529 
48 530 231 
535 185 230 
229 835 534 
227 236 234 
239 1310 233 
236 499 237 
49 235 233 
225 238 235 
237 224 240 
244 234 240 
238 419 239 
-1 721 243 
243 223 -1 
224 242 241 
1311 239 245 
725 540 244 
247 248 -2 
50 246 -2 
246 546 -1 
253 51 -2 
-2 251 252 
250 205 547 
253 -2 250 
249 252 851 
564 381 -1 
257 54 1040 
5 257 1041 
132 255 256 
259 126 589 
347 258 581 
303 58 261 
97 262 260 
261 268 263 
98 301 262 
-3 63 266 
266 -1 -3 
60 265 264 
268 96 272 
262 267 269 
98 268 270 
273 62 269 
296 584 272 
273 267 271 
270 272 881 
19 276 275 
278 280 274 
274 22 277 
585 278 276 
277 1316 275 
18 280 593 
275 1315 279 
907 81 596 
72 283 597 
287 600 282 
110 285 286 
284 113 918 
287 116 284 
624 283 286 
-1 594 609 
476 612 915 
7 291 922 
78 606 290 
636 901 1180 
294 87 628 
90 293 295 
889 632 294 
633 271 297 
96 298 296 
297 95 630 
300 11 302 
301 101 299 
303 263 300 
57 303 299 
260 301 302 
644 305 306 
304 472 308 
307 316 304 
308 112 306 
106 307 305 
310 326 648 
332 309 642 
104 471 312 
946 172 311 
2 638 320 
319 1192 641 
663 645 316 
306 317 315 
111 665 316 
107 664 319 
321 314 318 
313 321 338 
320 1176 319 
323 329 643 
107 322 646 
36 325 1230 
324 169 326 
309 651 325 
-1 108 627 
650 109 649 
322 331 330 
956 333 329 
329 639 958 
652 310 333 
330 951 332 
949 -1 358 
2 338 336 
337 115 335 
114 336 666 
320 662 335 
970 121 -3 
341 31 673 
974 122 340 
125 350 344 
126 347 349 
120 342 345 
346 28 344 
27 345 347 
343 259 346 
350 124 676 
343 350 352 
349 342 348 
126 352 1156 
349 674 351 
926 677 355 
355 1327 927 
353 128 354 
979 30 -1 
-1 1227 358 
359 334 357 
654 358 1224 
685 130 -1 
661 135 363 
363 36 1228 
6 362 361 
366 139 688 
366 1126 690 
364 365 368 
154 374 370 
366 371 369 
139 368 373 
371 1130 367 
368 689 370 
694 143 373 
369 374 372 
373 367 693 
34 378 695 
390 377 379 
144 696 376 
375 164 380 
380 33 376 
777 379 378 
254 557 382 
383 -1 381 
697 382 700 
712 684 385 
384 53 386 
145 714 385 
147 394 389 
151 391 393 
33 387 390 
391 376 389 
388 149 390 
711 148 393 
388 394 392 
393 387 708 
398 138 396 
150 403 395 
399 703 398 
137 395 397 
400 701 397 
145 399 402 
403 148 713 
400 403 715 
402 396 401 
409 155 -1 
424 409 407 
-1 407 408 
406 158 405 
409 -1 406 
404 408 405 
156 414 -1 
412 722 -1 
415 411 413 
-1 414 412 
413 410 416 
418 412 428 
414 156 430 
419 224 723 
724 415 727 
240 417 726 
427 426 735 
155 424 422 
426 429 421 
424 162 425 
421 405 423 
742 426 423 
425 420 422 
429 420 734 
415 430 732 
422 427 430 
428 416 429 
863 567 1253 
733 1015 433 
434 729 432 
1262 543 433 
746 159 -1 
1020 152 752 
-1 439 438 
157 437 442 
437 160 441 
750 445 444 
442 439 749 
438 441 443 
444 161 442 
448 443 440 
440 446 448 
450 740 445 
162 448 743 
447 444 445 
450 751 451 
453 446 449 
152 452 449 
718 1008 451 
738 450 1007 
764 793 1030 
177 772 797 
486 765 766 
767 942 781 
164 459 778 
458 163 775 
461 34 463 
462 164 460 
163 461 759 
153 757 460 
466 36 465 
168 467 464 
785 169 464 
465 468 786 
467 469 1207 
468 168 779 
1276 166 1274 
635 311 1048 
305 473 1043 
472 647 474 
169 1045 473 
603 78 791 
477 289 602 
792 619 476 
-1 618 482 
485 174 480 
173 481 479 
-1 482 480 
481 478 484 
1211 485 788 
485 482 621 
479 484 483 
794 456 -1 
801 176 -1 
800 174 489 
1213 769 488 
491 -1 492 
180 490 493 
189 493 490 
492 191 491 
497 804 -1 
186 497 498 
501 225 499 
495 494 500 
499 184 495 
235 498 496 
-1 501 497 
500 222 496 
836 229 503 
192 504 502 
503 193 837 
820 507 809 
507 518 1061 
1082 506 505 
808 1067 814 
868 -1 823 
202 511 512 
510 201 514 
513 830 510 
46 512 515 
511 -2 515 
9 513 514 
517 1062 518 
521 43 516 
506 519 516 
208 522 518 
213 525 828 
517 522 523 
521 519 829 
524 210 521 
211 523 525 
520 212 524 
217 834 838 
840 45 528 
219 844 527 
229 530 531 
529 230 533 
195 529 532 
533 226 531 
228 532 530 
535 232 536 
231 534 538 
1305 537 534 
536 182 538 
183 535 537 
540 730 544 
848 245 539 
1265 568 542 
571 846 541 
434 1264 544 
847 539 543 
546 50 850 
849 248 545 
852 251 549 
207 854 549 
547 203 548 
551 692 856 
864 550 552 
1120 553 551 
552 1139 811 
1058 862 555 
865 810 554 
563 860 557 
706 381 556 
-1 560 559 
562 558 867 
558 -1 869 
564 -1 562 
561 559 1116 
1118 556 564 
254 561 563 
567 861 1056 
1009 567 570 
566 431 565 
541 569 572 
568 1011 570 
566 1055 569 
577 542 572 
568 573 571 
572 1054 1152 
578 575 576 
574 845 577 
577 872 574 
571 576 575 
580 574 875 
55 580 876 
1101 578 579 
259 592 582 
583 59 581 
58 582 591 
880 271 890 
894 277 587 
93 893 588 
22 588 585 
92 586 587 
592 258 1341 
56 591 891 
583 592 590 
591 581 589 
279 1317 899 
288 904 1173 
905 596 909 
595 281 599 
282 601 598 
599 76 597 
74 598 596 
601 283 625 
910 597 600 
603 476 604 
475 602 606 
916 605 602 
604 911 607 
607 291 603 
623 606 605 
-1 609 914 
608 288 610 
1174 917 609 
913 616 -1 
616 289 614 
614 -1 615 
620 613 612 
-1 616 613 
615 611 612 
-1 620 618 
478 617 621 
477 622 620 
617 614 619 
622 484 618 
789 621 619 
920 607 626 
287 919 625 
626 600 624 
912 625 623 
934 327 941 
888 293 -1 
630 93 631 
633 298 629 
25 632 629 
295 633 631 
296 630 632 
635 787 1208 
471 634 944 
637 292 1178 
80 636 638 
1177 313 637 
331 640 938 
639 107 641 
314 939 640 
310 648 643 
646 322 642 
647 304 645 
315 646 644 
323 643 645 
473 644 648 
642 309 647 
950 328 -1 
328 959 1194 
1231 326 652 
332 953 651 
948 654 955 
653 359 1235 
660 656 962 
960 658 655 
130 996 658 
656 1223 657 
136 661 660 
961 655 659 
361 966 659 
666 338 664 
315 665 664 
662 318 663 
663 317 666 
337 662 665 
971 -3 973 
669 124 1243 
671 127 668 
1245 671 672 
128 669 670 
977 670 673 
1244 340 672 
678 352 676 
127 677 676 
674 348 675 
353 678 675 
1154 674 677 
980 -1 680 
681 983 679 
990 680 -1 
685 -1 683 
52 684 682 
384 995 683 
360 682 992 
704 1124 687 
688 137 686 
1127 364 687 
371 690 1136 
689 365 691 
858 692 690 
691 550 1137 
694 374 1003 
372 693 696 
375 696 1004 
695 377 694 
-1 383 699 
53 -1 699 
697 146 698 
383 706 702 
399 702 703 
701 146 700 
397 701 704 
705 686 703 
706 1122 704 
557 705 700 
708 1038 709 
711 394 707 
707 54 710 
1001 711 709 
392 708 710 
384 714 999 
715 401 1002 
712 386 715 
402 713 714 
717 34 1005 
718 153 716 
1251 452 717 
1257 739 1006 
-1 722 721 
241 720 723 
720 411 724 
724 417 721 
418 723 722 
730 245 726 
419 727 725 
726 418 728 
727 731 729 
433 730 728 
539 725 729 
728 732 733 
428 734 731 
734 432 731 
732 427 733 
420 741 1016 
739 1013 737 
1018 741 736 
740 453 739 
719 736 738 
743 446 738 
737 735 742 
741 425 743 
447 740 742 
746 -1 745 
744 167 1019 
435 744 1022 
159 748 749 
1021 752 747 
750 441 747 
440 749 751 
449 750 752 
748 436 751 
758 763 754 
755 163 753 
1029 165 754 
760 758 1268 
759 463 1266 
756 753 759 
462 757 758 
763 756 761 
1025 765 760 
1028 763 764 
762 753 760 
765 454 762 
761 456 764 
456 1024 -1 
457 768 769 
767 773 770 
771 489 767 
177 771 768 
802 769 770 
1031 455 773 
768 1033 772 
166 1279 775 
778 459 774 
32 777 1278 
776 380 778 
458 775 777 
780 469 1037 
1205 779 1035 
1271 457 782 
943 783 781 
1034 1275 782 
1039 147 1277 
466 786 1046 
785 467 787 
634 1044 786 
483 789 790 
788 622 792 
170 788 791 
792 475 790 
477 791 789 
797 454 794 
486 795 793 
794 -1 796 
795 175 797 
455 793 796 
801 -1 799 
173 800 798 
488 802 799 
487 798 802 
800 771 801 
-1 804 805 
803 494 807 
806 187 803 
39 805 807 
804 186 806 
508 1073 1049 
505 1287 819 
555 811 1060 
810 553 1141 
813 40 877 
1063 42 812 
815 508 1065 
1068 814 1339 
1146 1072 1052 
1086 818 1051 
817 821 819 
809 1050 818 
1080 505 821 
818 1076 820 
1301 1145 823 
509 824 822 
823 -1 827 
1105 1088 -1 
-1 1085 827 
1298 824 826 
520 829 830 
828 522 832 
512 828 831 
832 202 830 
829 207 831 
834 215 1098 
1093 526 833 
232 836 1306 
502 837 835 
836 504 841 
526 1307 842 
47 840 841 
527 844 839 
842 837 839 
838 841 843 
844 221 842 
840 528 843 
575 1099 846 
847 542 845 
544 846 848 
540 847 1312 
546 1103 -1 
1104 545 1111 
253 852 1110 
547 1114 851 
854 206 855 
1115 548 853 
1078 1113 853 
550 857 1121 
856 859 1119 
859 691 1125 
857 858 860 
1123 556 859 
565 863 862 
1133 554 861 
861 431 1128 
551 865 1138 
555 1134 864 
1140 1117 867 
559 870 866 
869 509 1144 
870 560 868 
1143 867 869 
873 874 872 
576 1153 871 
1150 1066 871 
871 878 875 
876 578 874 
579 875 877 
878 812 876 
1064 877 874 
883 886 -1 
584 883 881 
273 880 885 
883 -1 884 
879 882 880 
60 885 882 
63 881 884 
879 890 887 
888 -1 886 
628 887 889 
295 888 890 
886 584 889 
590 895 892 
893 95 891 
894 586 892 
585 893 895 
891 1343 894 
899 903 897 
924 898 896 
897 1182 901 
593 896 900 
901 79 899 
898 292 900 
1155 925 903 
896 1318 902 
1159 594 -1 
907 595 906 
1161 1165 905 
281 905 1163 
1166 1158 -1 
595 910 1172 
601 1169 909 
605 1175 912 
1170 626 911 
915 611 914 
608 917 913 
289 913 916 
917 604 915 
914 610 916 
919 285 921 
920 624 918 
623 919 922 
918 103 922 
290 920 921 
1181 1323 1179 
928 897 925 
902 926 924 
353 927 925 
926 354 930 
924 930 1183 
982 1184 930 
928 927 929 
935 988 932 
934 1201 931 
-1 934 987 
627 932 933 
937 931 1325 
1324 1188 937 
981 935 936 
639 939 1198 
938 641 1190 
109 1195 941 
1202 627 940 
457 1203 943 
1206 782 942 
635 1215 946 
170 946 1212 
312 944 945 
950 -1 949 
949 653 1218 
334 948 947 
649 947 1219 
953 333 952 
957 954 951 
1236 652 951 
952 1217 955 
653 1237 954 
330 958 957 
1221 952 956 
956 331 1196 
1197 650 1220 
1222 656 961 
660 1232 960 
655 997 964 
133 964 965 
963 131 962 
993 10 963 
1233 661 1229 
971 1242 968 
124 969 967 
968 125 970 
339 971 969 
667 967 970 
-3 975 973 
1241 667 972 
341 1240 976 
972 -3 976 
123 974 975 
1246 672 978 
31 979 977 
356 980 978 
679 1247 979 
989 937 1185 
985 929 1329 
1248 680 984 
991 985 983 
984 1186 982 
990 -1 987 
933 988 986 
987 931 989 
981 991 988 
681 986 991 
989 984 990 
685 995 996 
965 997 994 
995 998 993 
992 684 994 
997 657 992 
993 962 996 
994 999 1000 
712 1002 998 
10 998 1001 
1002 710 1000 
999 713 1001 
1004 693 1331 
695 1003 1005 
1252 716 1004 
1249 719 1007 
453 1008 1006 
1007 452 1250 
1010 566 1011 
1259 1012 1009 
569 1261 1009 
1010 1014 1254 
736 1258 1014 
1012 1017 1013 
1263 432 1016 
735 1018 1015 
1014 1260 1018 
1016 737 1017 
1022 745 1270 
436 1021 1267 
1020 748 1022 
746 1019 1021 
-1 1024 1027 
1023 766 1025 
1024 761 1026 
1025 1269 1027 
167 1023 1026 
1029 762 1030 
755 1028 1032 
454 1031 1028 
772 1033 1030 
165 1029 1273 
1031 773 1272 
1285 783 1035 
780 1283 1034 
1037 35 1042 
1284 779 1036 
707 1039 1040 
784 1281 1038 
1041 255 1038 
256 1040 1042 
1282 1036 1041 
472 1045 1047 
1046 787 1048 
1043 474 1046 
785 1044 1045 
1048 106 1043 
1044 471 1047 
808 1091 1292 
1051 819 1293 
817 1050 1090 
816 1070 1148 
1057 1151 1054 
573 1055 1053 
1054 570 1056 
1055 565 1057 
1059 1053 1056 
1059 554 1060 
1297 1057 1058 
810 1294 1058 
1288 506 1062 
516 1063 1061 
813 1290 1062 
1291 878 1066 
1066 814 1067 
873 1065 1064 
508 1289 1065 
1069 815 1296 
1070 1074 1068 
1071 1052 1069 
1142 1070 1295 
1074 816 1302 
1092 808 1074 
1069 1072 1073 
1076 1087 1106 
1077 821 1075 
1079 1076 1108 
1079 855 1081 
1080 1077 1078 
820 1079 1082 
206 1082 1078 
1081 507 1080 
-1 1088 1085 
1089 1085 1086 
1084 826 1083 
1087 817 1084 
1075 1086 1088 
1083 825 1087 
1299 1084 1090 
1051 1091 1089 
1090 1049 1092 
1073 1300 1091 
834 1098 1304 
182 1303 1096 
191 1096 1097 
1095 188 1094 
1098 38 1095 
1093 833 1097 
1313 845 1101 
226 1309 1101 
1099 580 1100 
-1 1103 1105 
1102 849 1104 
850 1107 1103 
1106 825 1102 
1108 1075 1105 
1104 1112 1108 
1077 1106 1107 
51 1110 1111 
851 1114 1109 
1112 850 1109 
1107 1111 1113 
1115 855 1112 
1110 852 1115 
854 1113 1114 
1118 562 1117 
866 1120 1116 
563 1116 1119 
1121 857 1118 
1117 552 1121 
856 1119 1120 
705 1123 1124 
860 1125 1122 
1127 686 1122 
1123 858 1126 
365 1127 1125 
688 1124 1126 
1129 863 1131 
1135 1128 1130 
370 1129 1132 
1255 1132 1128 
1131 154 1130 
862 1135 1134 
1138 865 1133 
1133 1129 1136 
689 1137 1135 
1136 692 1138 
864 1134 1137 
553 1140 1141 
866 1143 1139 
1142 811 1139 
1149 1071 1141 
870 1147 1140 
1147 868 1145 
822 1146 1144 
1145 816 1148 
1149 1143 1144 
1052 1149 1146 
1142 1147 1148 
873 1153 1340 
1053 1336 1152 
1153 573 1151 
1150 872 1152 
1156 678 1155 
902 1314 1154 
351 1154 1319 
1159 -1 1158 
908 1161 1157 
904 1157 1160 
1171 1159 1161 
1158 906 1160 
82 1163 1164 
907 1165 1162 
1168 89 1162 
1163 906 1166 
908 1167 1165 
1166 -1 1168 
64 1164 1167 
1172 910 1170 
912 1175 1169 
1173 1160 1172 
909 1169 1171 
594 1171 1174 
1175 610 1173 
1170 911 1174 
321 1177 1193 
638 1178 1176 
1177 636 1179 
923 1191 1178 
292 1182 1181 
1189 923 1180 
898 1183 1180 
928 1187 1182 
1187 929 1186 
1186 981 1188 
985 1185 1184 
1189 1183 1184 
936 1189 1185 
1181 1187 1188 
1320 939 1192 
1193 1179 1322 
1190 314 1193 
1176 1191 1192 
650 1197 1195 
1199 940 1194 
1197 958 1198 
959 1196 1194 
938 1199 1196 
1200 1195 1198 
1202 1199 1321 
932 1202 1326 
941 1200 1201 
1204 942 1214 
1209 1203 1216 
1207 780 1206 
943 1209 1205 
468 1205 1208 
1209 634 1207 
1206 1204 1208 
174 1211 1213 
1210 483 1212 
945 1215 1211 
1214 489 1210 
1216 1203 1213 
1212 944 1216 
1204 1214 1215 
954 1221 1218 
1219 948 1217 
950 1218 1220 
1221 959 1219 
957 1220 1217 
960 1225 1223 
658 1222 1226 
359 1227 1225 
1222 1234 1224 
1227 129 1223 
1224 357 1226 
1229 362 1230 
1239 966 1228 
324 1231 1228 
651 1238 1230 
1234 961 1233 
966 1239 1232 
1225 1232 1235 
1237 654 1234 
953 1237 1238 
1236 955 1235 
1239 1231 1236 
1229 1238 1233 
1241 974 1244 
973 1240 1242 
967 1241 1243 
1244 668 1242 
673 1243 1240 
1328 670 1246 
977 1247 1245 
1246 980 1248 
983 1330 1247 
1006 1250 1335 
1249 1008 1251 
718 1252 1250 
1005 1332 1251 
431 1254 1255 
1012 1258 1253 
1256 1131 1253 
1257 1334 1255 
719 1256 1258 
1254 1013 1257 
1010 1261 1260 
1263 1017 1259 
1259 1011 1265 
434 1263 1264 
1015 1260 1262 
1265 543 1262 
541 1264 1261 
1268 757 1267 
1020 1270 1266 
756 1266 1269 
1026 1268 1270 
1267 1019 1269 
781 1275 1272 
1273 1033 1271 
1032 1272 1274 
1275 470 1273 
1271 783 1274 
470 1286 1279 
1280 784 1278 
776 1279 1277 
1278 774 1276 
1277 1286 1281 
1282 1039 1280 
1042 1281 1284 
1285 1035 1284 
1037 1282 1283 
1034 1283 1286 
1280 1276 1285 
1293 809 1288 
1061 1290 1287 
1291 1067 1292 
1288 1063 1291 
1064 1289 1290 
1049 1293 1289 
1292 1050 1287 
1297 1060 1295 
1071 1296 1294 
1295 1068 1338 
1059 1294 1337 
827 1299 1301 
1089 1300 1298 
1299 1092 1302 
822 1298 1302 
1300 1072 1301 
1304 1094 1305 
1093 1303 1307 
1303 536 1306 
835 1307 1305 
1306 838 1304 
1309 227 1310 
1313 1100 1308 
234 1311 1308 
244 1312 1310 
848 1313 1311 
1099 1309 1312 
1319 1155 1318 
1317 280 1316 
278 1344 1315 
1318 593 1315 
1314 903 1317 
1156 1314 1342 
1190 1322 1321 
1326 1200 1320 
1320 1191 1323 
1322 923 1324 
936 1325 1323 
1324 935 1326 
1201 1321 1325 
354 1328 1329 
1245 1330 1327 
1330 982 1327 
1328 1248 1329 
1332 1003 1333 
1335 1252 1331 
154 1334 1331 
1256 1335 1333 
1249 1332 1334 
1340 1151 1337 
1297 1338 1336 
1337 1296 1339 
815 1340 1338 
1150 1336 1339 
1343 589 1342 
1319 1344 1341 
895 1341 1344 
1342 1316 1343 
