   -0.013492      1.001055
   -0.010830      0.996853
   -0.008169      0.996918
   -0.005507      0.996906
   -0.002846      0.996722
   -0.000184      0.995584
    0.002477      0.989791
    0.005139      0.950625
    0.007800      0.767205
    0.010462      0.719269
    0.013124      0.697982
    0.015785      0.686588
    0.018447      0.677409
    0.021108      0.669346
    0.023770      0.662110
    0.026431      0.655638
    0.029093      0.649816
    0.031754      0.644395
    0.034416      0.639121
    0.037077      0.633827
    0.039739      0.628453
    0.042400      0.623006
    0.045062      0.617493
    0.047723      0.611915
    0.050385      0.606295
    0.053047      0.600658
    0.055708      0.594994
    0.058370      0.589255
    0.061031      0.583386
    0.063693      0.577352
    0.066354      0.571125
    0.069016      0.564669
    0.071677      0.557959
    0.074339      0.550951
    0.077000      0.543557
    0.079662      0.535710
    0.082323      0.527295
    0.084985      0.518151
    0.087646      0.508032
    0.090308      0.496475
    0.092970      0.482700
    0.095631      0.464949
    0.098293      0.436442
    0.100954      0.118749
    0.103616      0.296435
    0.106277      0.263759
    0.108939      0.158346
    0.111600      0.216432
    0.114262      0.156165
    0.116923      0.204229
    0.119585      0.208309
    0.122246      0.190209
    0.124908      0.186482
    0.127569      0.150626
    0.130231      0.156200
    0.132893      0.158493
    0.135554      0.162077
    0.138216      0.163149
    0.140877      0.156264
    0.143539      0.141307
    0.146200      0.134146
    0.148862      0.140531
    0.151523      0.142095
    0.154185      0.144728
    0.156846      0.141402
    0.159508      0.138341
    0.162169      0.139958
    0.164831      0.142910
    0.167492      0.146825
    0.170154      0.154487
    0.172816      0.163958
    0.175477      0.170700
    0.178139      0.174304
    0.180800      0.177308
    0.183462      0.179996
    0.186123      0.183397
    0.188785      0.186658
    0.191446      0.189849
    0.194108      0.192267
    0.196769      0.194610
    0.199431      0.196054
    0.202092      0.197551
    0.204754      0.198063
    0.207415      0.198490
    0.210077      0.197902
    0.212739      0.197431
    0.215400      0.196261
    0.218062      0.195149
    0.220723      0.193660
    0.223385      0.192080
    0.226046      0.190578
    0.228708      0.189147
    0.231369      0.187877
    0.234031      0.187351
    0.236692      0.186831
    0.239354      0.187083
    0.242015      0.187492
    0.244677      0.187887
    0.247338      0.188332
    0.250000           NaN
