1.0000000000000000 0.0000000000000000 0.0000000000000000 0.0000000000000000 0.0000000000000000 0.0000000000000000 0.0000000000000000 0.0000000000000000 0.0000000000000000 0.0000000000000000 0.0000000000000000 0.0000000000000000 0.0000000000000000 0.0000000000000000 0.0000000000000000 
-2.0000000000000013 6.0000000000000080 0.0000000000000000 0.0000000000000000 0.0000000000000000 0.0000000000000000 0.0000000000000000 0.0000000000000000 0.0000000000000000 0.0000000000000000 0.0000000000000000 0.0000000000000000 0.0000000000000000 0.0000000000000000 0.0000000000000000 
-3.4641016151377557 3.4641016151377522 6.9282032302755185 0.0000000000000000 0.0000000000000000 0.0000000000000000 0.0000000000000000 0.0000000000000000 0.0000000000000000 0.0000000000000000 0.0000000000000000 0.0000000000000000 0.0000000000000000 0.0000000000000000 0.0000000000000000 
2.4494897427831841 -19.5959179422654830 0.0000000000000095 24.4948974278318590 0.0000000000000000 0.0000000000000000 0.0000000000000000 0.0000000000000000 0.0000000000000000 0.0000000000000000 0.0000000000000000 0.0000000000000000 0.0000000000000000 0.0000000000000000 0.0000000000000000 
4.2426406871193256 -25.4558441227157990 -8.4852813742386175 21.2132034355964760 42.4264068711928180 0.0000000000000000 0.0000000000000000 0.0000000000000000 0.0000000000000000 0.0000000000000000 0.0000000000000000 0.0000000000000000 0.0000000000000000 0.0000000000000000 0.0000000000000000 
5.4772255750516612 -10.9544511501030100 -32.8633534503100150 5.4772255750512961 32.8633534503095600 32.8633534503100440 0.0000000000000000 0.0000000000000000 0.0000000000000000 0.0000000000000000 0.0000000000000000 0.0000000000000000 0.0000000000000000 0.0000000000000000 0.0000000000000000 
-2.8284271247458150 42.4264068711909130 -0.0000000000013080 -127.2792206135764000 0.0000000000020689 0.0000000000011036 98.9949493661164870 0.0000000000000000 0.0000000000000000 0.0000000000000000 0.0000000000000000 0.0000000000000000 0.0000000000000000 0.0000000000000000 0.0000000000000000 
-4.8989794855658140 63.6867333123602680 9.7979589711305071 -161.6663230236880200 -117.5755076535892600 0.0000000000019365 102.8785691968940800 205.7571383937872700 0.0000000000000000 0.0000000000000000 0.0000000000000000 0.0000000000000000 0.0000000000000000 0.0000000000000000 0.0000000000000000 
-6.3245553203368479 56.9209978830379550 37.9473319220184920 -94.8683298050760020 -303.5786553761694200 -37.9473319220179590 44.2718872423762450 265.6313234541613000 265.6313234541430000 0.0000000000000000 0.0000000000000000 0.0000000000000000 0.0000000000000000 0.0000000000000000 0.0000000000000000 
-7.4833147735460575 22.4499443206325890 89.7997772825633260 -22.4499443206315230 -179.5995545650869500 -224.4994432064251800 7.4833147735457164 89.7997772825274440 224.4994432063852500 149.6662954709577200 0.0000000000000000 0.0000000000000000 0.0000000000000000 0.0000000000000000 0.0000000000000000 
3.1622776601876761 -75.8946638442359070 -0.0000000001029749 398.4469851816747300 0.0000000005548924 0.0000000001765900 -708.3501958780171900 -0.0000000005780517 -0.0000000004054834 -0.0000000000944323 398.4469851812174900 0.0000000000000000 0.0000000000000000 0.0000000000000000 0.0000000000000000 
5.4772255750828389 -120.4989626515248500 -10.9544511502458290 575.1086853817219000 230.0434741529168700 0.0000000002519417 -920.1738966103104100 -920.1738966094520700 -0.0000000005589621 -0.0000000001376414 460.0869483050380500 920.1738966086858200 0.0000000000000000 0.0000000000000000 0.0000000000000000 
7.0710678118877066 -127.2792206138663700 -42.4264068712835890 487.9036790197551500 721.2489168105134900 42.4264068713863840 -622.2539674456364800 -2206.1731573012885000 -678.8225099395164100 -0.0000000001083078 254.5584412279001200 1527.3506473616155000 1527.3506473629411000 0.0000000000000000 0.0000000000000000 
8.3666002654345597 -100.3992031857883800 -100.3992031845273700 250.9980079672537300 1104.3912350313383000 250.9980079607443000 -234.2648074395832200 -1907.5848605167885000 -2509.9800796076811000 -167.3320053069435900 75.2994023927412140 903.5928286703493800 2258.9820716535473000 1505.9880477613324000 0.0000000000000000 
9.4868329806756950 -37.9473319244138450 -189.7366596114253200 56.9209978921576440 569.2099788425480300 853.8149682482163600 -37.9473319347279340 -569.2099788594807700 -1707.6299365083642000 -1328.1566172723760000 9.4868329863612058 189.7366596293520900 853.8149682664046600 1328.1566172775651000 664.0783086353595800 
