0.0000000
0.7142857
1.4285714
2.1428571
2.8571429
3.5714286
4.2857143
5.0000000
5.2959026
5.6241172
5.9830446
6.3709363
6.7859024
7.2259212
7.6888491
8.1724307
8.6743101
9.1920421
9.7231044
10.2649097
10.8148184
11.3701514
11.9282032
12.2517700
12.7064935
13.2598778
13.8947616
14.5999590
15.3673650
16.1907136
17.0649428
17.9858300
18.9497657
19.9536052
20.9945652
22.0701509
23.1781013
24.3163483
25.4829848
26.6762400
27.8944592
29.1360873
30.3996559
31.6837717
32.9871072
34.3083932
35.6464111
36.9999880
38.3679906
39.7493212
41.1429139
42.5477303
43.9627569
45.3870021
46.8194932
48.2592743
49.7054042
51.1569536
52.6130040
54.0726452
55.5349736
56.9990908
58.4641016
59.9291124
61.3932296
62.8555581
64.3151992
65.7712496
67.2227991
68.6689289
70.1087101
71.5412011
72.9654463
74.3804729
75.7852893
77.1788820
78.5602127
79.9282153
81.2817921
82.6198101
83.9410960
85.2444316
86.5285473
87.7921159
89.0337440
90.2519632
91.4452184
92.6118549
93.7501019
94.8580523
95.9336380
96.9745981
97.9784375
98.9423733
99.8632604
100.7374896
101.5608383
102.3282442
103.0334416
103.6683254
104.2217097
104.6764332
105.0000000
105.0000000
105.0000000
105.0000000
105.0000000
105.0000000
105.0000000
105.0000000
105.0000000
105.0000000
105.0000000
105.0000000
105.0000000
105.0000000
105.0000000
105.0000000
105.0000000
105.0000000
105.0000000
105.0000000
105.0000000
105.0000000
105.0000000
105.0000000
105.0000000
105.0000000
105.0000000
105.0000000
105.0000000
105.0000000
105.0000000
0.0000000
0.7060885
1.4111610
2.1141072
2.8128359
3.5025560
4.1698053
4.7716659
5.1784310
5.5585171
5.9463775
6.3520574
6.7782920
7.2252460
7.6920347
8.1772834
8.6793540
9.1964264
9.7265073
10.2674186
10.8168241
11.3723415
11.9301140
12.2537700
12.7086189
13.2621558
13.8972147
14.6026066
15.3702242
16.1937999
17.0682703
17.9894114
18.9536129
19.9577292
20.9989764
22.0748588
23.1831147
24.3216756
25.4886339
26.6822182
27.9007733
29.1427439
30.4066609
31.6911308
32.9948258
34.3164762
35.6548632
37.0088133
38.3771932
39.7589048
41.1528818
42.5580857
43.9735026
45.3981405
46.8310267
48.2712049
49.7177336
51.1696833
52.6261353
54.0861790
55.5489108
57.0134318
58.4788466
59.9442614
61.4087824
62.8715142
64.3315579
65.7880098
67.2399596
68.6864883
70.1266665
71.5595527
72.9841906
74.3996075
75.8048113
77.1987883
78.5805000
79.9488799
81.3028300
82.6412170
83.9628673
85.2665624
86.5510322
87.8149493
89.0569199
90.2754750
91.4690593
92.6360176
93.7745785
94.8828344
95.9587168
96.9999639
98.0040802
98.9682818
99.8894229
100.7638932
101.5874690
102.3550866
103.0604784
103.6955373
104.2490743
104.7039232
105.0275792
105.0691658
105.0924584
105.1128020
105.1326092
105.1525253
105.1728113
105.1936196
105.2150687
105.2372710
105.2603453
105.2844235
105.3096574
105.3362239
105.3643323
105.3942333
105.4262302
105.4606940
105.4980850
105.5389817
105.5841229
105.6344690
105.6912947
105.7563328
105.8320071
105.9218280
106.0311039
106.1683257
106.3481648
106.5991936
107.0000000
0.0000000
0.6981383
1.3943683
2.0866766
2.7714875
3.4414469
4.0796273
4.6477541
5.0949918
5.5062630
5.9156203
6.3358747
6.7717935
7.2248605
7.6951035
8.1818600
8.6841070
9.2005764
9.7297531
10.2698388
10.8187912
11.3745233
11.9327441
12.2565230
12.7115445
13.2652915
13.9005915
14.6062511
15.3741600
16.1980483
17.0728505
17.9943412
18.9589087
19.9634061
21.0050484
22.0813391
23.1900157
24.3290087
25.4964098
26.6904471
27.9094647
29.1519067
30.4163034
31.7012608
33.0054506
34.3276025
35.6664975
37.0209615
38.3898607
39.7720967
41.1666028
42.5723399
43.9882940
45.4134726
46.8469026
48.2876274
49.7347051
51.1872059
52.6442106
54.1048085
55.5680953
57.0331722
58.4991432
59.9651142
61.4301910
62.8934779
64.3540757
65.8110804
67.2635813
68.7106589
70.1513837
71.5848137
73.0099923
74.4259464
75.8316836
77.2261896
78.6084257
79.9773249
81.3317889
82.6706838
83.9928358
85.2970256
86.5819829
87.8463797
89.0888216
90.3078392
91.5018765
92.6692777
93.8082707
94.9169472
95.9932379
97.0348803
98.0393777
99.0039452
99.9254359
100.8002381
101.6241264
102.3920353
103.0976949
103.7329948
104.2867418
104.7417634
105.0655422
105.1308658
105.1746803
105.2133517
105.2510183
105.2889702
105.3277306
105.3675876
105.4087568
105.4514392
105.4958482
105.5422233
105.5908424
105.6420326
105.6961836
105.7537641
105.8153439
105.8816232
105.9534730
106.0319922
106.1185893
106.2151032
106.3239867
106.4485955
106.5936629
106.7661204
106.9766137
107.2425582
107.5951009
108.0990456
109.0000000
0.0000000
0.6904709
1.3782719
2.0606830
2.7331389
3.3870999
4.0058110
4.5604355
5.0295825
5.4629467
5.8893498
6.3218681
6.7662124
7.2247030
7.6980494
8.1861735
8.6885838
9.2045018
9.7328455
10.2721699
10.8207164
11.3766986
11.9358621
12.2597866
12.7150128
13.2690089
13.9045945
14.6105715
15.3788258
16.2030846
17.0782803
18.0001854
18.9651867
19.9701359
21.0122467
22.0890215
23.1981967
24.3377019
25.5056281
26.7002025
27.9197683
29.1627690
30.4277344
31.7132697
33.0180461
34.3407927
35.6802898
37.0353630
38.4048778
39.7877355
41.1828688
42.5892382
44.0058291
45.4316487
46.8657233
48.3070961
49.7548246
51.2079787
52.6656387
54.1268935
55.5908384
57.0565742
58.5232045
59.9898348
61.4555706
62.9195156
64.3807703
65.8384303
67.2915844
68.7393129
70.1806857
71.6147604
73.0405800
74.4571709
75.8635403
77.2586735
78.6415312
80.0110461
81.3661192
82.7056164
84.0283629
85.3331393
86.6186746
87.8836400
89.1266407
90.3462066
91.5407809
92.7087071
93.8482124
94.9573876
96.0341623
97.0762731
98.0812223
99.0462236
99.9681288
100.8433244
101.6675833
102.4358375
103.1418145
103.7774002
104.3313962
104.7866224
105.1105469
105.1897189
105.2498995
105.3045266
105.3581039
105.4123023
105.4678449
105.5251294
105.5844469
105.6460677
105.7102800
105.7774119
105.8478477
105.9220443
106.0005497
106.0840273
106.1732868
106.2693272
106.3733952
106.4870686
106.6123756
106.7519727
106.9094160
107.0895904
107.2994208
107.5491099
107.8544493
108.2415265
108.7577004
109.5062961
111.0000000
0.0000000
0.6831160
1.3629326
2.0362003
2.6977574
3.3387530
3.9440631
4.4928629
4.9762554
5.4263303
5.8666672
6.3096643
6.7613995
7.2247254
7.7008683
8.1902355
8.6927973
9.2082111
9.7357881
10.2744113
10.8225962
11.3788649
11.9393306
12.2634171
12.7188709
13.2731440
13.9090475
14.6153775
15.3840160
16.2086870
17.0843204
18.0066865
18.9721704
19.9776221
21.0202541
22.0975673
23.2072972
24.3473723
25.5158826
26.7110543
27.9312300
29.1748523
30.4404503
31.7266285
33.0320573
34.3554654
35.6956324
37.0513832
38.4215829
39.8051322
41.2009631
42.6080358
44.0253351
45.4518677
46.8866595
48.3287531
49.7772056
51.2310864
52.6894753
54.1514608
55.6161379
57.0826066
58.5499704
60.0173341
61.4838028
62.9484799
64.4104654
65.8688544
67.3227352
68.7711876
70.2132812
71.6480730
73.0746057
74.4919050
75.8989776
77.2948085
78.6783578
80.0485575
81.4043084
82.7444753
84.0678834
85.3733122
86.6594904
87.9250884
89.1687107
90.3888864
91.5840582
92.7525684
93.8926435
95.0023734
96.0796866
97.1223186
98.1277703
99.0932542
100.0156203
100.8912537
101.7159247
102.4845632
103.1908932
103.8267967
104.3810698
104.8365237
105.1606101
105.2478594
105.3205716
105.3886621
105.4561965
105.5249161
105.5956409
105.6688368
105.7448472
105.8239937
105.9066237
105.9931380
106.0840119
106.1798160
106.2812398
106.3891228
106.5044946
106.6286298
106.7631240
106.9100016
107.0718715
107.2521584
107.4554573
107.6880958
107.9590665
108.2816563
108.6764912
109.1777802
109.8483433
110.8343066
113.0000000
0.0000000
0.6760975
1.3483944
2.0132659
2.6652532
3.2957242
3.8916206
4.4380355
4.9317435
5.3949783
5.8469332
6.2989792
6.7572368
7.2248889
7.7035576
8.1940565
8.6967590
9.2117121
9.7385837
10.2765621
10.8244270
11.3810170
11.9430500
12.2673102
12.7230082
13.2775783
13.9138227
14.6205313
15.3895817
16.2146948
17.0907974
18.0136580
18.9796593
19.9856500
21.0288408
22.1067314
23.2170561
24.3577422
25.5268788
26.7226911
27.9435209
29.1878097
30.4540861
31.7409536
33.0470822
34.3711996
35.7120848
37.0685623
38.4394965
39.8237873
41.2203663
42.6281932
44.0462522
45.4735494
46.9091102
48.3519768
49.8012056
51.2558656
52.7150363
54.1778054
55.6432675
57.1105222
58.5786725
60.0468227
61.5140774
62.9795396
64.4423087
65.9014793
67.3561394
68.8053682
70.2482347
71.6837956
73.1110928
74.5291518
75.9369786
77.3335577
78.7178485
80.0887826
81.4452601
82.7861454
84.1102628
85.4163913
86.7032589
87.9695352
89.2138241
90.4346538
91.6304661
92.7996027
93.9402889
95.0506135
96.1285042
97.1716950
98.1776856
99.1436870
100.0665475
100.9426502
101.7677632
102.5368137
103.2435223
103.8797666
104.4343368
104.8900348
105.2142949
105.3061937
105.3883173
105.4675291
105.5471333
105.6287228
105.7131129
105.8007919
105.8921318
105.9874889
106.0872562
106.1918947
106.3019582
106.4181181
106.5411920
106.6721806
106.8123168
106.9631319
107.1265481
107.3050093
107.5016708
107.7206807
107.9676124
108.2501494
108.5792223
108.9709947
109.4505860
110.0598161
110.8769998
112.1009770
115.0000000
0.0000000
0.6694337
1.3346865
1.9918872
2.6354990
3.2574018
3.8465710
4.3922922
4.8939902
5.3678865
5.8296681
6.2895894
6.7536287
7.2251618
7.7061156
8.1976457
8.7004793
9.2150114
9.7412348
10.2786214
10.8262052
11.3831480
11.9469412
12.2713830
12.7273364
13.2822174
13.9188183
14.6259230
15.3954044
16.2209799
17.0975735
18.0209513
18.9874941
19.9940485
21.0378239
22.1163187
23.2272656
24.3685910
25.5383828
26.7348653
27.9563793
29.2013655
30.4683515
31.7559402
33.0628008
34.3876603
35.7292970
37.0865347
38.4582372
39.8433038
41.2406656
42.6492814
44.0681351
45.4962323
46.9325976
48.3762728
49.8263138
51.2817891
52.7417775
54.2053664
55.6716499
57.1397269
58.6086999
60.0776730
61.5457500
63.0120335
64.4756223
65.9356107
67.3910860
68.8411271
70.2848022
71.7211676
73.1492648
74.5681185
75.9767343
77.3740961
78.7591627
80.1308651
81.4881029
82.8297396
84.1545991
85.4614596
86.7490484
88.0160344
89.2610206
90.4825345
91.6790170
92.8488088
93.9901343
95.1010812
96.1795760
97.2233514
98.2299058
99.1964486
100.1198263
100.9964200
101.8219955
102.5914769
103.2985816
103.9351825
104.4900635
104.9460168
105.2704587
105.3649671
105.4540973
105.5423772
105.6323056
105.7252139
105.8218404
105.9226569
106.0280419
106.1383725
106.2540764
106.3756645
106.5037594
106.6391227
106.7826888
106.9356074
107.0993004
107.2755391
107.4665522
107.6751781
107.9050859
108.1611041
108.4497235
108.7798960
109.1643577
109.6219471
110.1819874
110.8936819
111.8522641
113.3238111
117.0000000
0.0000000
0.6631377
1.3218248
1.9720481
2.6083452
3.2232457
3.8075372
4.3534390
4.8616004
5.3443169
5.8144999
6.2813157
6.7504969
7.2255182
7.7085412
8.2010117
8.7039672
9.2181151
9.7437435
10.2805880
10.8279268
11.3852495
11.9509378
12.2755663
12.7317820
13.2869822
13.9239493
14.6314608
15.4013849
16.2274354
17.1045333
18.0284423
18.9955411
20.0026746
21.0470506
22.1261658
23.2377518
24.3797339
25.5501987
26.7473695
27.9695862
29.2152887
30.4830036
31.7713331
33.0789455
34.4045671
35.7469757
37.1049943
38.4774859
39.8633494
41.2615150
42.6709412
44.0906112
45.5195300
46.9567217
48.4012274
49.8521027
51.3084153
52.7692436
54.2336745
55.7008015
57.1697232
58.6395413
60.1093595
61.5782811
63.0454081
64.5098390
65.9706673
67.4269800
68.8778552
70.3223609
71.7595527
73.1884714
74.6081414
76.0175676
77.4157333
78.8015967
80.1740883
81.5321069
82.8745155
84.2001372
85.5077495
86.7960790
88.0637939
89.3094964
90.5317131
91.7288839
92.8993487
94.0413308
95.1529169
96.2320321
97.2764080
98.2835415
99.2506403
100.1745493
101.0516472
101.8776977
102.6476218
103.3551333
103.9921004
104.5473006
105.0035163
105.3281448
105.4240580
105.5183961
105.6140211
105.7127156
105.8155179
105.9230503
106.0357416
106.1539609
106.2780953
106.4085986
106.5460243
106.6910557
106.8445364
107.0075081
107.1812585
107.3673857
107.5678859
107.7852749
108.0227612
108.2844956
108.5759431
108.9044510
109.2801517
109.7174614
110.2377212
110.8742811
111.6839269
112.7817630
114.5176216
119.0000000
0.0000000
0.6572182
1.3098141
1.9537149
2.5836320
3.1927846
3.7734964
4.3200374
4.8335788
5.3237080
5.8011331
6.2740112
6.7477762
7.2259363
7.7108342
8.2041619
8.7072309
9.2210284
9.7461116
10.2824607
10.8295877
11.3873126
11.9549826
12.2798000
12.7362812
13.2918045
13.9291423
14.6370655
15.4074377
16.2339688
17.1115771
18.0360237
19.0036853
20.0114049
21.0563886
22.1361317
23.2483646
24.3910112
25.5621571
26.7600246
27.9829525
29.2293799
30.4978325
31.7869117
33.0952850
34.4216781
35.7648678
37.1236766
38.4969669
39.8836368
41.2826161
42.6928625
44.1133586
45.5431088
46.9811369
48.4264832
49.8782027
51.3353628
52.7970412
54.2623243
55.7303050
57.2000815
58.6707549
60.1414284
61.6112048
63.0791855
64.5444686
66.0061470
67.4633071
68.9150266
70.3603729
71.7984010
73.2281512
74.6486473
76.0588937
77.4578730
78.8445429
80.2178332
81.5766420
82.9198318
84.2462248
85.5545981
86.8436773
88.1121299
89.3585573
90.5814852
91.7793527
92.9504986
94.0931452
95.2053781
96.2851213
97.3301049
98.3378245
99.3054861
100.2299327
101.1075411
101.9340722
102.7044443
103.4123675
104.0497053
104.6052286
105.0617098
105.3865272
105.4831442
105.5813697
105.6829337
105.7890412
105.9004548
106.0176697
106.1410594
106.2709739
106.4078039
106.5520236
106.7042237
106.8651424
107.0356985
107.2170330
107.4105619
107.6180476
107.8416962
108.0842919
108.3493886
108.6415862
108.9669419
109.3335985
109.7527857
110.2404888
110.8204284
111.5299643
112.4341836
113.6724993
115.6942389
121.0000000
0.0000000
0.6516796
1.2986504
1.9368418
2.5611980
3.1656105
3.7436692
4.2910821
4.8091881
5.3056217
5.7893291
6.2675548
6.7454120
7.2263980
7.7129942
8.2071030
8.7102775
9.2237561
9.7483406
10.2842379
10.8311838
11.3893275
11.9590253
12.2840315
12.7407781
13.2966242
13.9343325
14.6426672
15.4134871
16.2404987
17.1186172
18.0436011
19.0118252
20.0201305
21.0657216
22.1460924
23.2589718
24.4022826
25.5741092
26.7726730
27.9963117
29.2434636
30.5126535
31.8024820
33.1116158
34.4387799
35.7827504
37.1423490
38.5164375
39.9039135
41.3037059
42.7147721
44.1360938
45.5666751
47.0055391
48.4517255
49.9042889
51.3622960
52.8248240
54.2909588
55.7597928
57.2304236
58.7019519
60.1734802
61.6441109
63.1129449
64.5790797
66.0416078
67.4996149
68.9521782
70.3983647
71.8372286
73.2678099
74.6891317
76.1001978
77.4999902
78.8874662
80.2615547
81.6211533
82.9651239
84.2922879
85.6014217
86.8912502
88.1604401
89.4075920
90.6312308
91.8297945
93.0016212
94.1449319
95.2578114
96.3381821
97.3837732
98.3920785
99.3603026
100.2852865
101.1634050
101.9904166
102.7612366
103.4695712
104.1072795
104.6631257
105.1198722
105.4448784
105.5418016
105.6429560
105.7493325
105.8617006
105.9805891
106.1063749
106.2393747
106.3799169
106.5283926
106.6852939
106.8512454
107.0270359
107.2136543
107.4123338
107.6246099
107.8523981
108.0980995
108.3647477
108.6562172
108.9775237
109.3352719
109.7383412
110.1989814
110.7346582
111.3714160
112.1508101
113.1475622
114.5311464
116.8628795
123.0000000
0.0000000
0.6465231
1.2883224
1.9213742
2.5408856
3.1413712
3.7174485
4.2658378
4.7878667
5.2897100
5.7788921
6.2618448
6.7433580
7.2268876
7.7150214
8.2098411
8.7131135
9.2263022
9.7504316
10.2859184
10.8327109
11.3912842
11.9630209
12.2882138
12.7452225
13.3013878
13.9394623
14.6482036
15.4194662
16.2469526
17.1255752
18.0510903
19.0198702
20.0287545
21.0749459
22.1559370
23.2694554
24.4134226
25.5859221
26.7851740
28.0095153
29.2573833
30.5273019
31.8178710
33.1277564
34.4556825
35.8004247
37.1608039
38.5356814
39.9239540
41.3245501
42.7364264
44.1585643
45.5899670
47.0296571
48.4766738
49.9300712
51.3889154
52.8522832
54.3192598
55.7889371
57.2604123
58.7327855
60.2051587
61.6766338
63.1463112
64.6132878
66.0766555
67.5354998
68.9888971
70.4359139
71.8756040
73.3070067
74.7291445
76.1410208
77.5416170
78.9298895
80.3047670
81.6651463
83.0098885
84.3378145
85.6477000
86.9382691
88.2081877
89.4560556
90.6803970
91.8796489
93.0521483
94.1961156
95.3096340
96.3906250
97.4368165
98.4457007
99.4144807
100.3399957
101.2186184
102.0461048
102.8173673
103.5261087
104.1641831
104.7203484
105.1773572
105.5025500
105.5995626
105.7029543
105.8132506
105.9309102
106.0562795
106.1896356
106.3312455
106.4814182
106.6405461
106.8091388
106.9878532
107.1775262
107.3792123
107.5942311
107.8242293
108.0712645
108.3379183
108.6274545
108.9440423
109.2930798
109.6816748
110.1193858
110.6194146
111.2006464
111.8914765
112.7381003
113.8269315
115.3642160
118.0306041
125.0000000
0.0000000
0.6417470
1.2788133
1.9072532
2.5225451
3.1197640
3.6943524
4.2437476
4.7691764
5.2756917
5.7696599
6.2567960
6.7415748
7.2273920
7.7169158
8.2123816
8.7157445
9.2286705
9.7523857
10.2875004
10.8341646
11.3931727
11.9669291
12.2923044
12.7495697
13.3060472
13.9444798
14.6536189
15.4253143
16.2532652
17.1323810
18.0584155
19.0277392
20.0371898
21.0839684
22.1655662
23.2797096
24.4243189
25.5974764
26.7974015
28.0224300
29.2709983
30.5416297
31.8329231
33.1435438
34.4722152
35.8177122
37.1788550
38.5545041
39.9435559
41.3449382
42.7576069
44.1805430
45.6127491
47.0532472
48.5010762
49.9552893
51.4149523
52.8791415
54.3469414
55.8174437
57.2897447
58.7629443
60.2361439
61.7084450
63.1789472
64.6467472
66.1109363
67.5705993
69.0248125
70.4726414
71.9131395
73.3453456
74.7682817
76.1809505
77.5823327
78.9713845
80.3470337
81.7081765
83.0536734
84.3823448
85.6929655
86.9842589
88.2548903
89.5034587
90.7284872
91.9284122
93.1015698
94.2461791
95.3603225
96.4419203
97.4886989
98.4981494
99.4674731
100.3935076
101.2726235
102.1005743
102.8722697
103.5814089
104.2198414
104.7763189
105.2335842
105.5589596
105.6559513
105.7610814
105.8745934
105.9967361
106.1277229
106.2677547
106.4170602
106.5759351
106.7447762
106.9241118
107.1146313
107.3172181
107.5329890
107.7633448
108.0100355
108.2752500
108.5617358
108.8729671
109.2133822
109.5887269
110.0065674
110.4770856
111.0143708
111.6386763
112.3807815
113.2918137
114.4702121
116.1510984
119.0214858
125.0000000
0.0000000
0.6373472
1.2701025
1.8944174
2.5060369
3.1005279
3.6739932
4.2243780
4.7527694
5.2633370
5.7614973
6.2523357
6.7400288
7.2279000
7.7186779
8.2147291
8.7181756
9.2308641
9.7542036
10.2889824
10.8355406
11.3949828
11.9707134
12.2962655
12.7537791
13.3105589
13.9493382
14.6588626
15.4309772
16.2593778
17.1389711
18.0655086
19.0353589
20.0453577
21.0927049
22.1748902
23.2896388
24.4348698
25.6086646
26.8092414
28.0349354
29.2841819
30.5555035
31.8474983
33.1588309
34.4882240
35.8344518
37.1963340
38.5727304
39.9625366
41.3646801
42.7781162
44.2018252
45.6348092
47.0760898
48.5247052
49.9797082
51.4401641
52.9051486
54.3737458
55.8450468
57.3181476
58.7921474
60.2661472
61.7392480
63.2105490
64.6791463
66.1441307
67.6045866
69.0595896
70.5082050
71.9494856
73.3824697
74.8061786
76.2196147
77.6217582
79.0115645
80.3879609
81.7498430
83.0960708
84.4254639
85.7367965
87.0287914
88.3001130
89.5493595
90.7750534
91.9756302
93.1494250
94.2946561
95.4094046
96.4915900
97.5389372
98.5489360
99.5187862
100.4453238
101.3249171
102.1533177
102.9254323
103.6349566
104.2737360
104.8305157
105.2880294
105.6135815
105.7105038
105.8170104
105.9331827
106.0591357
106.1949932
106.3409038
106.4970713
106.6637856
106.8414528
107.0306224
107.2320171
107.4465663
107.6754463
107.9201341
108.1824759
108.4647810
108.7699481
109.1016421
109.4645436
109.8647108
110.3101228
110.8115253
111.3838234
112.0485518
112.8387460
113.8099694
115.0692640
116.8579973
119.7606273
125.0000000
0.0000000
0.6333179
1.2621668
1.8828056
2.4912320
3.0834389
3.6560543
4.2073855
4.7383652
5.2524564
5.7542901
6.2484022
6.7386910
7.2284019
7.7203078
8.2168880
8.7204111
9.2328859
9.7558860
10.2903629
10.8368348
11.3967047
11.9743410
12.3000625
12.7578142
13.3148837
13.9539955
14.6638891
15.4364055
16.2652371
17.1452882
18.0723079
19.0426629
20.0531873
21.1010795
22.1838280
23.2991567
24.4449837
25.6193894
26.8205910
28.0469227
29.2968194
30.5688026
31.8614698
33.1734848
34.5035697
35.8504981
37.2130889
38.5902016
39.9807311
41.3836043
42.7977760
44.2222258
45.6559556
47.0979862
48.5473555
50.0031157
51.4643316
52.9300784
54.3994399
55.8715066
57.3453740
58.8201409
60.2949078
61.7687751
63.2408418
64.7102033
66.1759501
67.6371660
69.0929263
70.5422955
71.9843261
73.4180559
74.8425058
76.2566774
77.6595506
79.0500801
80.4271928
81.7897837
83.1367120
84.4667970
85.7788120
87.0714792
88.3434624
89.5933590
90.8196908
92.0208924
93.1952980
94.3411250
95.4564537
96.5392022
97.5870944
98.5976189
99.5679738
100.4949935
101.3750446
102.2038763
102.9763927
103.6862863
104.3253980
104.8824675
105.3402193
105.6659408
105.7627796
105.8703973
105.9887890
106.1179913
106.2580737
106.4091541
106.5714240
106.7451763
106.9308312
107.1289629
107.3403288
107.5659035
107.8069209
108.0649296
108.3418648
108.6401454
108.9628068
109.3136843
109.6976735
110.1211091
110.5923342
111.1225928
111.7275108
112.4297446
113.2642021
114.2895467
115.6160056
117.4726253
120.3341875
125.0000000
0.0000000
0.6296521
1.2549815
1.8723584
2.4780133
3.0683037
3.6402754
4.1924930
4.7257355
5.2428923
5.7479423
6.2449426
6.7375366
7.2288893
7.7218059
8.2188619
8.7224552
9.2347383
9.7574332
10.2916401
10.8380430
11.3983286
11.9777820
12.3036643
12.7616419
13.3189862
13.9584133
14.6686572
15.4415547
16.2707953
17.1512806
18.0787577
19.0495914
20.0606144
21.1090237
22.1923064
23.3081854
24.4545777
25.6295628
26.8313571
28.0582939
29.3088072
30.5814180
31.8747230
33.1873853
34.5181265
35.8657194
37.2289826
38.6067747
39.9979903
41.4015557
42.8164250
44.2415777
45.6760149
47.1187570
48.5688414
50.0253198
51.4872567
52.9537267
54.4238132
55.8966062
57.3712007
58.8466953
60.3221898
61.7967844
63.2695773
64.7396638
66.2061338
67.6680707
69.1245491
70.5746335
72.0173756
73.4518128
74.8769655
76.2918349
77.6954002
79.0866158
80.4644079
81.8276711
83.1752640
84.5060052
85.8186675
87.1119725
88.3845833
89.6350966
90.8620335
92.0638277
93.2388128
94.3852051
95.5010841
96.5843668
97.6327761
98.6437991
99.6146328
100.5421099
101.4225952
102.2518358
103.0247334
103.7349772
104.3744043
104.9317487
105.3897262
105.7156085
105.8123679
105.9208984
106.0411557
106.1731370
106.3168840
106.4725016
106.6401813
106.8202261
107.0130756
107.2193319
107.4397884
107.6754647
107.9276500
108.1979602
108.4884120
108.8015239
109.1404529
109.5091844
109.9128018
110.3578788
110.8530708
111.4100448
112.0450267
112.7815597
113.6558489
114.7279960
116.1067376
118.0006485
120.7902199
125.0000000
0.0000000
0.6263419
1.2485216
1.8630189
2.4662751
3.0549566
3.6264405
4.1794750
4.7146925
5.2345132
5.7423721
6.2419118
6.7365440
7.2293550
7.7231725
8.2206543
8.7243112
9.2364234
9.7588456
10.2928125
10.8391612
11.3998454
11.9810098
12.3070428
12.7652323
13.3228344
13.9625573
14.6731297
15.4463848
16.2760090
17.1569016
18.0848077
19.0560905
20.0675812
21.1164754
22.2002593
23.3166544
24.4635771
25.6391057
26.8414559
28.0689603
29.3200521
30.5932515
31.8871548
33.2004243
34.5317811
35.8799974
37.2438912
38.6223207
40.0141798
41.4183944
42.8339183
44.2597302
45.6948309
47.1382404
48.5889956
50.0461478
51.5087609
52.9759093
54.4466758
55.9201501
57.3954268
58.8716038
60.3477809
61.8230576
63.2965319
64.7672984
66.2344468
67.6970599
69.1542121
70.6049672
72.0483767
73.4834775
74.9092894
76.3248133
77.7290279
79.1208870
80.4993165
81.8632103
83.2114266
84.5427833
85.8560529
87.1499562
88.4231556
89.6742474
90.9017518
92.1041020
93.2796306
94.4265533
95.5429484
96.6267322
97.6756265
98.6871172
99.6584000
100.5863061
101.4671987
102.2968229
103.0700780
103.7806504
104.4203733
104.9779754
105.4361649
105.7621978
105.8588905
105.9681820
106.0900170
106.2243786
106.3713009
106.5308894
106.7033448
106.8889871
107.0882794
107.3018543
107.5305423
107.7754075
108.0377921
108.3193746
108.6222464
108.9490151
109.3029445
109.6881504
110.1098761
110.5748963
111.0921246
111.6735689
112.3359151
113.1033175
114.0126539
115.1239897
116.5416235
118.4517455
121.1583296
125.0000000
0.0000000
0.6233790
1.2427622
1.8547340
2.4559230
3.0432549
3.6143701
4.1681460
4.7050812
5.2272088
5.7375105
6.2392710
6.7356950
7.2297928
7.7244080
8.2222679
8.7259822
9.2379431
9.7601234
10.2938785
10.8401856
11.4012462
11.9840003
12.3101730
12.7685587
13.3263997
13.9663967
14.6772734
15.4508598
16.2808394
17.1621093
18.0904129
19.0621118
20.0740358
21.1233793
22.2076274
23.3245008
24.4719148
25.6479470
26.8508122
28.0788424
29.3304702
30.6042150
31.8986726
33.2125047
34.5444318
35.8932256
37.2577037
38.6367236
40.0291790
41.4339951
42.8501254
44.2765481
45.7122636
47.1562914
48.6076680
50.0654444
51.5286841
52.9964610
54.4678575
55.9419630
57.4178717
58.8946811
60.3714905
61.8473992
63.3215046
64.7929012
66.2606781
67.7239177
69.1816942
70.6330708
72.0770986
73.5128141
74.9392368
76.3553670
77.7601832
79.1526386
80.5316585
81.8961366
83.2449304
84.5768575
85.8906896
87.1851471
88.4588920
89.7105197
90.9385500
92.1414152
93.3174474
94.4648614
95.5817348
96.6659828
97.7153264
98.7272504
99.6989493
100.6272529
101.5085228
102.3385024
103.1120887
103.8229655
104.4629625
105.0208035
105.4791892
105.8053619
105.9020033
106.0119359
106.1351096
106.2715098
106.4211761
106.5842247
106.7608728
106.9514618
107.1564820
107.3765980
107.6126778
107.8658292
108.1374445
108.4292604
108.7434357
109.0826567
109.4502803
109.8505322
110.2887893
110.7719897
111.3092506
111.9128364
112.5997491
113.3944810
114.3340320
115.4773674
116.9229001
118.8354714
121.4580474
125.0000000
0.0000000
0.6207551
1.2376796
1.8474549
2.4468732
3.0330770
3.6039139
4.1583532
4.6967726
5.2208868
5.7332987
6.2369872
6.7349734
7.2301974
7.7255126
8.2237054
8.7274707
9.2392991
9.7612667
10.2948367
10.8411126
11.4025230
11.9867321
12.3130323
12.7715973
13.3296565
13.9699038
14.6810586
15.4549475
16.2852518
17.1668664
18.0955331
19.0676121
20.0799319
21.1296859
22.2143580
23.3316683
24.4795311
25.6560232
26.8593590
28.0878695
29.3399868
30.6142299
31.9091938
33.2235398
34.5559878
35.9053093
37.2703210
38.6498804
40.0428804
41.4482460
42.8649302
44.2919108
45.7281879
47.1727805
48.6247248
50.0830714
51.5468834
53.0152344
54.4872065
55.9618885
57.4383745
58.9157616
60.3931486
61.8696346
63.3443166
64.8162887
66.2846397
67.7484517
69.2067983
70.6587426
72.1033352
73.5396123
74.9665929
76.3832771
77.7886427
79.1816428
80.5612021
81.9262138
83.2755353
84.6079833
85.9223293
87.2172932
88.4915363
89.7436536
90.9721641
92.1754999
93.3519920
94.4998548
95.6171651
96.7018372
97.7515912
98.7639110
99.7359900
100.6646567
101.5462713
102.3765756
103.1504645
103.8616193
104.5018666
105.0599258
105.5184908
105.8447910
105.9413964
106.0518722
106.1761819
106.3143229
106.4663490
106.6323934
106.8126943
107.0076180
107.2176836
107.4435885
107.6862380
107.9467814
108.2266585
108.5276591
108.8520023
109.2024431
109.5824172
109.9962424
110.4494030
110.9489649
111.5041969
112.1275401
112.8361793
113.6547101
114.6198369
115.7887844
117.2536488
119.1601582
121.7029223
125.0000000
0.0000000
0.6184620
1.2332514
1.8411372
2.4390528
3.0243189
3.5949470
4.1499701
4.6896604
5.2154696
5.7296873
6.2350323
6.7343660
7.2305642
7.7264866
8.2249689
8.7287791
9.2404925
9.7622756
10.2956857
10.8419389
11.4036682
11.9891861
12.3156009
12.7743270
13.3325822
13.9730544
14.6844590
15.4586197
16.2892156
17.1711399
18.1001328
19.0725532
20.0852286
21.1353513
22.2204044
23.3381071
24.4863731
25.6632785
26.8670369
28.0959789
29.3485360
30.6232267
31.9186454
33.2334530
34.5663691
35.9161645
37.2816557
38.6616996
40.0551889
41.4610481
42.8782299
44.3057117
45.7424933
47.1875933
48.6400476
50.0989064
51.5632326
53.0320993
54.5045884
55.9797884
57.4567930
58.9346990
60.4126050
61.8896095
63.3648095
64.8372986
66.3061653
67.7704915
69.2293503
70.6818046
72.1269047
73.5636862
74.9911681
76.4083498
77.8142091
79.2076984
80.5877423
81.9532335
83.3030288
84.6359449
85.9507526
87.2461713
88.5208619
89.7734190
91.0023611
92.2061195
93.3830249
94.5312908
95.6489935
96.7340467
97.7841694
98.7968448
99.7692652
100.6982580
101.5801823
102.4107782
103.1849389
103.8963436
104.5368157
105.0950709
105.5537970
105.8802118
105.9767944
106.0877302
106.2129999
106.3526183
106.5066573
106.6752713
106.8587215
107.0574009
107.2718576
107.5028214
107.7512334
108.0182825
108.3054519
108.6145793
108.9479369
109.3083388
109.6992867
110.1251726
110.5915650
111.1056250
111.6767267
112.3174174
113.0449543
113.8838570
114.8702632
116.0593608
117.5371182
119.4327594
121.9027100
125.0000000
0.0000000
0.6164920
1.2294572
1.8357418
2.4323983
3.0168931
3.5873655
4.1428931
4.6836564
5.2108930
5.7266347
6.2333826
6.7338612
7.2308895
7.7273303
8.2260604
8.7299093
9.2415247
9.7631501
10.2964243
10.8426614
11.4046750
11.9913459
12.3178616
12.7767294
13.3351571
13.9758272
14.6874517
15.4618516
16.2927041
17.1749010
18.1041809
19.0769018
20.0898901
21.1403373
22.2257258
23.3437739
24.4923947
25.6696637
26.8737941
28.1031160
29.3560601
30.6311447
31.9269636
33.2421776
34.5755056
35.9257180
37.2916312
38.6721015
40.0660215
41.4723151
42.8899348
44.3178578
45.7550833
47.2006299
48.6535330
50.1128427
51.5776214
53.0469420
54.5198861
55.9955420
57.4730029
58.9513656
60.4297283
61.9071893
63.3828452
64.8557893
66.3251099
67.7898886
69.2491982
70.7021013
72.1476479
73.5848734
75.0127964
76.4304161
77.8367098
79.2306297
80.6111001
81.9770132
83.3272257
84.6605536
85.9757676
87.2715866
88.5466711
89.7996153
91.0289371
92.2330675
93.4103366
94.5589573
95.6770054
96.7623939
97.8128411
98.8258294
99.7985503
100.7278303
101.6100271
102.4408796
103.2152796
103.9269040
104.5675741
105.1260019
105.5848697
105.9113854
106.0079557
106.1192782
106.2453518
106.3862099
106.5419449
106.7127329
106.8988592
107.1007428
107.3189602
107.5542720
107.8076528
108.0803276
108.3738189
108.6900069
109.0312095
109.4002907
109.8008060
110.2372060
110.7151227
111.2417842
111.8266310
112.4822602
113.2259184
114.0819313
115.0857287
116.2904182
117.7763816
119.6589649
122.0646211
125.0000000
0.0000000
0.6148378
1.2262787
1.8312345
2.4268561
3.0107266
3.5810844
4.1370368
4.6786886
5.2071039
5.7241064
6.2320182
6.7334495
7.2311699
7.7280438
8.2269813
8.7308630
9.2423966
9.7638902
10.2970512
10.8432775
11.4055373
11.9931971
12.3197993
12.7787886
13.3373643
13.9782040
14.6900169
15.4646219
16.2956944
17.1781248
18.1076509
19.0806293
20.0938859
21.1446112
22.2302871
23.3486313
24.4975562
25.6751370
26.8795862
28.1092336
29.3625095
30.6379317
31.9340938
33.2496560
34.5833370
35.9339071
37.3001819
38.6810178
40.0753068
41.4819729
42.8999679
44.3282690
45.7658751
47.2118045
48.6650923
50.1247884
51.5899549
53.0596646
54.5329988
56.0090454
57.4868976
58.9656517
60.4444059
61.9222581
63.3983047
64.8716388
66.3413485
67.8065151
69.2662111
70.7194990
72.1654284
73.6030344
75.0313355
76.4493306
77.8559966
79.2502857
80.6311216
81.9973964
83.3479664
84.6816474
85.9972097
87.2933718
88.5687940
89.8220699
91.0517173
92.2561665
93.4337473
94.5826722
95.7010164
96.7866922
97.8374176
98.8506741
99.8236526
100.7531786
101.6356091
102.4666816
103.2412866
103.9530995
104.5939392
105.1525148
105.6115042
105.9381063
106.0346721
106.1463147
106.2730501
106.4149303
106.5720673
106.7446585
106.9330121
107.1375713
107.3589391
107.5979041
107.8554710
108.1328972
108.4317394
108.7539142
109.1017786
109.4782370
109.8868882
110.3322275
110.8199328
111.3572764
111.9537347
112.6219140
113.3789966
114.2490520
115.2667672
116.4832999
117.9741780
119.8433710
122.1940689
125.0000000
0.0000000
0.6134935
1.2237002
1.8275863
2.4223812
3.0057595
3.5760342
4.1323331
4.6746986
5.2040594
5.7220743
6.2309232
6.7331229
7.2314028
7.7286274
8.2277331
8.7316415
9.2431089
9.7644958
10.2975656
10.8437849
11.4062501
11.9947280
12.3214016
12.7804914
13.3391893
13.9801693
14.6921380
15.4669126
16.2981671
17.1807907
18.1105202
19.0837116
20.0971900
21.1481454
22.2340589
23.3526479
24.5018243
25.6796629
26.8843758
28.1142923
29.3678426
30.6435440
31.9399898
33.2558400
34.5898130
35.9406786
37.3072526
38.6883907
40.0829850
41.4899590
42.9082644
44.3368782
45.7747990
47.2210449
48.6746508
50.1346664
51.6001537
53.0701851
54.5438418
56.0202115
57.4983872
58.9774651
60.4565429
61.9347186
63.4110884
64.8847450
66.3547765
67.8202637
69.2802793
70.7338853
72.1801312
73.6180520
75.0466657
76.4649712
77.8719452
79.2665394
80.6476776
82.0142515
83.3651172
84.6990901
86.0149404
87.3113862
88.5870876
89.8406379
91.0705544
92.2752673
93.4531059
94.6022823
95.7208713
96.8067848
97.8577402
98.8712185
99.8444100
100.7741395
101.6567631
102.4880175
103.2627921
103.9747608
104.6157408
105.1744387
105.6335285
105.9602022
106.0567684
106.1686688
106.2959344
106.4386337
106.5968966
106.7709395
106.9610909
107.1678158
107.3917400
107.6336766
107.8946563
108.1759640
108.4791852
108.8062671
109.1595979
109.5421148
109.9574496
110.4101307
110.9058676
111.4519597
112.0578978
112.7362718
113.5041731
114.3854006
115.4139437
116.6392565
118.1328428
119.9896356
122.2951346
125.0000000
0.0000000
0.6124535
1.2217085
1.8247733
2.4189377
3.0019442
3.5721607
4.1287280
4.6716409
5.2017253
5.7205163
6.2300844
6.7328753
7.2315861
7.7290811
8.2283167
8.7322459
9.2436623
9.7649669
10.2979665
10.8441815
11.4068090
11.9959287
12.3226584
12.7818270
13.3406208
13.9817108
14.6938018
15.4687093
16.3001065
17.1828816
18.1127707
19.0861292
20.0997815
21.1509173
22.2370172
23.3557982
24.5051719
25.6832127
26.8881323
28.1182600
29.3720254
30.6479458
31.9446142
33.2606903
34.5948922
35.9459898
37.3127983
38.6941735
40.0890072
41.4962226
42.9147716
44.3436306
45.7817982
47.2282923
48.6821478
50.1424140
51.6081529
53.0784366
54.5523462
56.0289694
57.5073989
58.9867306
60.4660624
61.9444918
63.4211150
64.8950246
66.3653083
67.8310472
69.2913134
70.7451689
72.1916630
73.6298306
75.0586896
76.4772386
77.8844540
79.2792877
80.6606629
82.0274714
83.3785690
84.7127709
86.0288470
87.3255154
88.6014358
89.8552012
91.0853289
92.2902486
93.4682893
94.6176630
95.7364440
96.8225439
97.8736797
98.8873320
99.8606905
100.7905796
101.6733547
102.5047519
103.2796595
103.9917504
104.6328404
105.1916342
105.6508028
105.9775325
106.0741017
106.1862004
106.3138720
106.4571985
106.6163244
106.7914823
106.9830173
107.1914123
107.4173119
107.6615491
107.9251757
108.2094986
108.5161265
108.8470303
109.2046228
109.5918656
110.0124152
110.4708232
110.9728198
111.5257190
112.1390134
112.8252648
113.6014696
114.4911796
115.5277905
116.7593736
118.2542846
120.1006035
122.3708664
125.0000000
0.0000000
0.6117137
1.2202934
1.8227773
2.4164976
2.9992444
3.5694225
4.1261811
4.6694807
5.2000761
5.7194151
6.2294923
6.7327017
7.2317182
7.7294051
8.2287330
8.7326770
9.2440573
9.7653035
10.2982534
10.8444660
11.4072107
11.9967917
12.3235617
12.7827869
13.3416497
13.9828188
14.6949975
15.4700007
16.3015004
17.1843844
18.1143882
19.0878668
20.1016442
21.1529096
22.2391435
23.3580625
24.5075780
25.6857641
26.8908324
28.1211118
29.3750319
30.6511096
31.9479380
33.2641764
34.5985429
35.9498071
37.3167842
38.6983299
40.0933356
41.5007247
42.9194486
44.3484838
45.7868289
47.2335014
48.6875363
50.1479826
51.6139023
53.0843674
54.5584588
56.0352641
57.5138760
58.9933902
60.4729044
61.9515162
63.4283216
64.9024130
66.3728781
67.8387977
69.2992441
70.7532789
72.1999515
73.6382965
75.0673318
76.4860557
77.8934448
79.2884505
80.6699961
82.0369732
83.3882374
84.7226040
86.0388424
87.3356707
88.6117485
89.8656686
91.0959480
92.3010163
93.4792024
94.6287179
95.7476369
96.8338708
97.8851362
98.8989136
99.8723922
100.8023960
101.6852800
102.5167797
103.2917828
104.0039616
104.6451307
105.2039934
105.6632187
105.9899887
106.0865613
106.1988008
106.3267591
106.4705284
106.6302644
106.8062113
106.9987270
107.2083074
107.4356111
107.6814861
107.9469993
108.2334740
108.5425356
108.8761722
109.2368139
109.6274399
110.0517229
110.5142300
111.0207041
111.5784661
112.1970041
112.8888518
113.6709248
114.5665795
115.6087617
116.8445280
118.3399804
120.1784004
122.4234749
125.0000000
0.0000000
0.6112711
1.2194473
1.8215849
2.4150414
2.9976345
3.5677911
4.1246641
4.6681941
5.1990936
5.7187592
6.2291396
6.7325989
7.2317979
7.7295995
8.2289825
8.7329355
9.2442941
9.7655054
10.2984257
10.8446371
11.4074527
11.9973116
12.3241059
12.7833653
13.3422696
13.9834863
14.6957180
15.4707787
16.3023402
17.1852898
18.1153628
19.0889137
20.1027664
21.1541099
22.2404246
23.3594267
24.5090276
25.6873012
26.8924591
28.1228299
29.3768432
30.6530158
31.9499405
33.2662767
34.6007424
35.9521070
37.3191857
38.7008340
40.0959434
41.5034371
42.9222664
44.3514078
45.7898597
47.2366398
48.6907827
50.1513376
51.6173662
53.0879406
54.5621415
56.0390566
57.5177783
58.9974025
60.4770266
61.9557483
63.4326634
64.9068644
66.3774388
67.8434673
69.3040222
70.7581651
72.2049452
73.6433971
75.0725385
76.4913679
77.8988615
79.2939709
80.6756192
82.0426979
83.3940625
84.7285282
86.0448644
87.3417891
88.6179617
89.8719750
91.1023458
92.3075037
93.4857773
94.6353782
95.7543804
96.8406950
97.8920386
98.9058912
99.8794422
100.8095151
101.6924647
102.5240262
103.2990869
104.0113186
104.6525354
105.2114396
105.6706990
105.9974933
106.0940686
106.2063921
106.3345212
106.4785543
106.6386538
106.8150713
107.0081723
107.2184610
107.4466045
107.6934598
107.9601035
108.2478685
108.5583905
108.8936679
109.2561413
109.6488000
110.0753265
110.5402965
111.0494593
111.6101388
112.2318183
112.9270108
113.7125786
114.6117535
115.6572015
116.8953605
118.3909800
120.2245008
122.4544604
125.0000000
0.0000000
0.6111238
1.2191657
1.8211883
2.4145573
2.9970997
3.5672491
4.1241603
4.6677668
5.1987673
5.7185413
6.2290226
6.7325648
7.2318245
7.7296643
8.2290657
8.7330216
9.2443731
9.7655727
10.2984832
10.8446942
11.4075335
11.9974853
12.3242877
12.7835585
13.3424766
13.9837093
14.6959586
15.4710386
16.3026208
17.1855923
18.1156883
19.0892634
20.1031412
21.1545109
22.2408525
23.3598824
24.5095118
25.6878147
26.8930024
28.1234038
29.3774482
30.6536525
31.9506094
33.2669783
34.6014771
35.9528752
37.3199879
38.7016705
40.0968145
41.5043430
42.9232076
44.3523845
45.7908721
47.2376881
48.6918671
50.1524582
51.6185232
53.0891341
54.5633716
56.0403233
57.5190817
58.9987426
60.4784035
61.9571619
63.4341136
64.9083512
66.3789621
67.8450270
69.3056182
70.7597972
72.2066132
73.6451008
75.0742777
76.4931422
77.9006708
79.2958148
80.6774974
82.0446100
83.3960082
84.7305070
86.0468759
87.3438328
88.6200371
89.8740815
91.1044828
92.3096706
93.4879735
94.6376029
95.7566328
96.8429744
97.8943441
98.9082219
99.8817970
100.8118930
101.6948645
102.5264466
103.3015266
104.0137760
104.6550087
105.2139268
105.6731976
106.0000000
106.0965763
106.2089277
106.3371136
106.4812342
106.6414545
106.8180283
107.0113240
107.2218483
107.4502714
107.6974531
107.9644733
108.2526682
108.5636770
108.8995016
109.2625859
109.6559227
110.0831975
110.5489890
111.0590485
111.6207004
112.2434262
112.9397315
113.7264598
114.6268001
115.6733239
116.9122611
118.4079103
120.2397721
122.4646937
125.0000000
0.0000000
0.6112711
1.2194473
1.8215849
2.4150414
2.9976345
3.5677911
4.1246641
4.6681941
5.1990936
5.7187592
6.2291396
6.7325989
7.2317979
7.7295995
8.2289825
8.7329355
9.2442941
9.7655054
10.2984257
10.8446371
11.4074527
11.9973116
12.3241059
12.7833653
13.3422696
13.9834863
14.6957180
15.4707787
16.3023402
17.1852898
18.1153628
19.0889137
20.1027664
21.1541099
22.2404246
23.3594267
24.5090276
25.6873012
26.8924591
28.1228299
29.3768432
30.6530158
31.9499405
33.2662767
34.6007424
35.9521070
37.3191857
38.7008340
40.0959434
41.5034371
42.9222664
44.3514078
45.7898597
47.2366398
48.6907827
50.1513376
51.6173662
53.0879406
54.5621415
56.0390566
57.5177783
58.9974025
60.4770266
61.9557483
63.4326634
64.9068644
66.3774388
67.8434673
69.3040222
70.7581651
72.2049452
73.6433971
75.0725385
76.4913679
77.8988615
79.2939709
80.6756192
82.0426979
83.3940625
84.7285282
86.0448644
87.3417891
88.6179617
89.8719750
91.1023458
92.3075037
93.4857773
94.6353782
95.7543804
96.8406950
97.8920386
98.9058912
99.8794422
100.8095151
101.6924647
102.5240262
103.2990869
104.0113186
104.6525354
105.2114396
105.6706990
105.9974933
106.0940686
106.2063921
106.3345212
106.4785543
106.6386538
106.8150713
107.0081723
107.2184610
107.4466045
107.6934598
107.9601035
108.2478685
108.5583905
108.8936679
109.2561413
109.6488000
110.0753265
110.5402965
111.0494593
111.6101388
112.2318183
112.9270108
113.7125786
114.6117535
115.6572015
116.8953605
118.3909800
120.2245008
122.4544604
125.0000000
0.0000000
0.6117137
1.2202934
1.8227773
2.4164976
2.9992444
3.5694225
4.1261811
4.6694807
5.2000761
5.7194151
6.2294923
6.7327017
7.2317182
7.7294051
8.2287330
8.7326770
9.2440573
9.7653035
10.2982534
10.8444660
11.4072107
11.9967917
12.3235617
12.7827869
13.3416497
13.9828188
14.6949975
15.4700007
16.3015004
17.1843844
18.1143882
19.0878668
20.1016442
21.1529096
22.2391435
23.3580625
24.5075780
25.6857641
26.8908324
28.1211118
29.3750319
30.6511096
31.9479380
33.2641764
34.5985429
35.9498071
37.3167842
38.6983299
40.0933356
41.5007247
42.9194486
44.3484838
45.7868289
47.2335014
48.6875363
50.1479826
51.6139023
53.0843674
54.5584588
56.0352641
57.5138760
58.9933902
60.4729044
61.9515162
63.4283216
64.9024130
66.3728781
67.8387977
69.2992441
70.7532789
72.1999515
73.6382965
75.0673318
76.4860557
77.8934448
79.2884505
80.6699961
82.0369732
83.3882374
84.7226040
86.0388424
87.3356707
88.6117485
89.8656686
91.0959480
92.3010163
93.4792024
94.6287179
95.7476369
96.8338708
97.8851362
98.8989136
99.8723922
100.8023960
101.6852800
102.5167797
103.2917828
104.0039616
104.6451307
105.2039934
105.6632187
105.9899887
106.0865613
106.1988008
106.3267591
106.4705284
106.6302644
106.8062113
106.9987270
107.2083074
107.4356111
107.6814861
107.9469993
108.2334740
108.5425356
108.8761722
109.2368139
109.6274399
110.0517229
110.5142300
111.0207041
111.5784661
112.1970041
112.8888518
113.6709248
114.5665795
115.6087617
116.8445280
118.3399804
120.1784004
122.4234749
125.0000000
0.0000000
0.6124535
1.2217085
1.8247733
2.4189377
3.0019442
3.5721607
4.1287280
4.6716409
5.2017253
5.7205163
6.2300844
6.7328753
7.2315861
7.7290811
8.2283167
8.7322459
9.2436623
9.7649669
10.2979665
10.8441815
11.4068090
11.9959287
12.3226584
12.7818270
13.3406208
13.9817108
14.6938018
15.4687093
16.3001065
17.1828816
18.1127707
19.0861292
20.0997815
21.1509173
22.2370172
23.3557982
24.5051719
25.6832127
26.8881323
28.1182600
29.3720254
30.6479458
31.9446142
33.2606903
34.5948922
35.9459898
37.3127983
38.6941735
40.0890072
41.4962226
42.9147716
44.3436306
45.7817982
47.2282923
48.6821478
50.1424140
51.6081529
53.0784366
54.5523462
56.0289694
57.5073989
58.9867306
60.4660624
61.9444918
63.4211150
64.8950246
66.3653083
67.8310472
69.2913134
70.7451689
72.1916630
73.6298306
75.0586896
76.4772386
77.8844540
79.2792877
80.6606629
82.0274714
83.3785690
84.7127709
86.0288470
87.3255154
88.6014358
89.8552012
91.0853289
92.2902486
93.4682893
94.6176630
95.7364440
96.8225439
97.8736797
98.8873320
99.8606905
100.7905796
101.6733547
102.5047519
103.2796595
103.9917504
104.6328404
105.1916342
105.6508028
105.9775325
106.0741017
106.1862004
106.3138720
106.4571985
106.6163244
106.7914823
106.9830173
107.1914123
107.4173119
107.6615491
107.9251757
108.2094986
108.5161265
108.8470303
109.2046228
109.5918656
110.0124152
110.4708232
110.9728198
111.5257190
112.1390134
112.8252648
113.6014696
114.4911796
115.5277905
116.7593736
118.2542846
120.1006035
122.3708664
125.0000000
0.0000000
0.6134935
1.2237002
1.8275863
2.4223812
3.0057595
3.5760342
4.1323331
4.6746986
5.2040594
5.7220743
6.2309232
6.7331229
7.2314028
7.7286274
8.2277331
8.7316415
9.2431089
9.7644958
10.2975656
10.8437849
11.4062501
11.9947280
12.3214016
12.7804914
13.3391893
13.9801693
14.6921380
15.4669126
16.2981671
17.1807907
18.1105202
19.0837116
20.0971900
21.1481454
22.2340589
23.3526479
24.5018243
25.6796629
26.8843758
28.1142923
29.3678426
30.6435440
31.9399898
33.2558400
34.5898130
35.9406786
37.3072526
38.6883907
40.0829850
41.4899590
42.9082644
44.3368782
45.7747990
47.2210449
48.6746508
50.1346664
51.6001537
53.0701851
54.5438418
56.0202115
57.4983872
58.9774651
60.4565429
61.9347186
63.4110884
64.8847450
66.3547765
67.8202637
69.2802793
70.7338853
72.1801312
73.6180520
75.0466657
76.4649712
77.8719452
79.2665394
80.6476776
82.0142515
83.3651172
84.6990901
86.0149404
87.3113862
88.5870876
89.8406379
91.0705544
92.2752673
93.4531059
94.6022823
95.7208713
96.8067848
97.8577402
98.8712185
99.8444100
100.7741395
101.6567631
102.4880175
103.2627921
103.9747608
104.6157408
105.1744387
105.6335285
105.9602022
106.0567684
106.1686688
106.2959344
106.4386337
106.5968966
106.7709395
106.9610909
107.1678158
107.3917400
107.6336766
107.8946563
108.1759640
108.4791852
108.8062671
109.1595979
109.5421148
109.9574496
110.4101307
110.9058676
111.4519597
112.0578978
112.7362718
113.5041731
114.3854006
115.4139437
116.6392565
118.1328428
119.9896356
122.2951346
125.0000000
0.0000000
0.6148378
1.2262787
1.8312345
2.4268561
3.0107266
3.5810844
4.1370368
4.6786886
5.2071039
5.7241064
6.2320182
6.7334495
7.2311699
7.7280438
8.2269813
8.7308630
9.2423966
9.7638902
10.2970512
10.8432775
11.4055373
11.9931971
12.3197993
12.7787886
13.3373643
13.9782040
14.6900169
15.4646219
16.2956944
17.1781248
18.1076509
19.0806293
20.0938859
21.1446112
22.2302871
23.3486313
24.4975562
25.6751370
26.8795862
28.1092336
29.3625095
30.6379317
31.9340938
33.2496560
34.5833370
35.9339071
37.3001819
38.6810178
40.0753068
41.4819729
42.8999679
44.3282690
45.7658751
47.2118045
48.6650923
50.1247884
51.5899549
53.0596646
54.5329988
56.0090454
57.4868976
58.9656517
60.4444059
61.9222581
63.3983047
64.8716388
66.3413485
67.8065151
69.2662111
70.7194990
72.1654284
73.6030344
75.0313355
76.4493306
77.8559966
79.2502857
80.6311216
81.9973964
83.3479664
84.6816474
85.9972097
87.2933718
88.5687940
89.8220699
91.0517173
92.2561665
93.4337473
94.5826722
95.7010164
96.7866922
97.8374176
98.8506741
99.8236526
100.7531786
101.6356091
102.4666816
103.2412866
103.9530995
104.5939392
105.1525148
105.6115042
105.9381063
106.0346721
106.1463147
106.2730501
106.4149303
106.5720673
106.7446585
106.9330121
107.1375713
107.3589391
107.5979041
107.8554710
108.1328972
108.4317394
108.7539142
109.1017786
109.4782370
109.8868882
110.3322275
110.8199328
111.3572764
111.9537347
112.6219140
113.3789966
114.2490520
115.2667672
116.4832999
117.9741780
119.8433710
122.1940689
125.0000000
0.0000000
0.6164920
1.2294572
1.8357418
2.4323983
3.0168931
3.5873655
4.1428931
4.6836564
5.2108930
5.7266347
6.2333826
6.7338612
7.2308895
7.7273303
8.2260604
8.7299093
9.2415247
9.7631501
10.2964243
10.8426614
11.4046750
11.9913459
12.3178616
12.7767294
13.3351571
13.9758272
14.6874517
15.4618516
16.2927041
17.1749010
18.1041809
19.0769018
20.0898901
21.1403373
22.2257258
23.3437739
24.4923947
25.6696637
26.8737941
28.1031160
29.3560601
30.6311447
31.9269636
33.2421776
34.5755056
35.9257180
37.2916312
38.6721015
40.0660215
41.4723151
42.8899348
44.3178578
45.7550833
47.2006299
48.6535330
50.1128427
51.5776214
53.0469420
54.5198861
55.9955420
57.4730029
58.9513656
60.4297283
61.9071893
63.3828452
64.8557893
66.3251099
67.7898886
69.2491982
70.7021013
72.1476479
73.5848734
75.0127964
76.4304161
77.8367098
79.2306297
80.6111001
81.9770132
83.3272257
84.6605536
85.9757676
87.2715866
88.5466711
89.7996153
91.0289371
92.2330675
93.4103366
94.5589573
95.6770054
96.7623939
97.8128411
98.8258294
99.7985503
100.7278303
101.6100271
102.4408796
103.2152796
103.9269040
104.5675741
105.1260019
105.5848697
105.9113854
106.0079557
106.1192782
106.2453518
106.3862099
106.5419449
106.7127329
106.8988592
107.1007428
107.3189602
107.5542720
107.8076528
108.0803276
108.3738189
108.6900069
109.0312095
109.4002907
109.8008060
110.2372060
110.7151227
111.2417842
111.8266310
112.4822602
113.2259184
114.0819313
115.0857287
116.2904182
117.7763816
119.6589649
122.0646211
125.0000000
0.0000000
0.6184620
1.2332514
1.8411372
2.4390528
3.0243189
3.5949470
4.1499701
4.6896604
5.2154696
5.7296873
6.2350323
6.7343660
7.2305642
7.7264866
8.2249689
8.7287791
9.2404925
9.7622756
10.2956857
10.8419389
11.4036682
11.9891861
12.3156009
12.7743270
13.3325822
13.9730544
14.6844590
15.4586197
16.2892156
17.1711399
18.1001328
19.0725532
20.0852286
21.1353513
22.2204044
23.3381071
24.4863731
25.6632785
26.8670369
28.0959789
29.3485360
30.6232267
31.9186454
33.2334530
34.5663691
35.9161645
37.2816557
38.6616996
40.0551889
41.4610481
42.8782299
44.3057117
45.7424933
47.1875933
48.6400476
50.0989064
51.5632326
53.0320993
54.5045884
55.9797884
57.4567930
58.9346990
60.4126050
61.8896095
63.3648095
64.8372986
66.3061653
67.7704915
69.2293503
70.6818046
72.1269047
73.5636862
74.9911681
76.4083498
77.8142091
79.2076984
80.5877423
81.9532335
83.3030288
84.6359449
85.9507526
87.2461713
88.5208619
89.7734190
91.0023611
92.2061195
93.3830249
94.5312908
95.6489935
96.7340467
97.7841694
98.7968448
99.7692652
100.6982580
101.5801823
102.4107782
103.1849389
103.8963436
104.5368157
105.0950709
105.5537970
105.8802118
105.9767944
106.0877302
106.2129999
106.3526183
106.5066573
106.6752713
106.8587215
107.0574009
107.2718576
107.5028214
107.7512334
108.0182825
108.3054519
108.6145793
108.9479369
109.3083388
109.6992867
110.1251726
110.5915650
111.1056250
111.6767267
112.3174174
113.0449543
113.8838570
114.8702632
116.0593608
117.5371182
119.4327594
121.9027100
125.0000000
0.0000000
0.6207551
1.2376796
1.8474549
2.4468732
3.0330770
3.6039139
4.1583532
4.6967726
5.2208868
5.7332987
6.2369872
6.7349734
7.2301974
7.7255126
8.2237054
8.7274707
9.2392991
9.7612667
10.2948367
10.8411126
11.4025230
11.9867321
12.3130323
12.7715973
13.3296565
13.9699038
14.6810586
15.4549475
16.2852518
17.1668664
18.0955331
19.0676121
20.0799319
21.1296859
22.2143580
23.3316683
24.4795311
25.6560232
26.8593590
28.0878695
29.3399868
30.6142299
31.9091938
33.2235398
34.5559878
35.9053093
37.2703210
38.6498804
40.0428804
41.4482460
42.8649302
44.2919108
45.7281879
47.1727805
48.6247248
50.0830714
51.5468834
53.0152344
54.4872065
55.9618885
57.4383745
58.9157616
60.3931486
61.8696346
63.3443166
64.8162887
66.2846397
67.7484517
69.2067983
70.6587426
72.1033352
73.5396123
74.9665929
76.3832771
77.7886427
79.1816428
80.5612021
81.9262138
83.2755353
84.6079833
85.9223293
87.2172932
88.4915363
89.7436536
90.9721641
92.1754999
93.3519920
94.4998548
95.6171651
96.7018372
97.7515912
98.7639110
99.7359900
100.6646567
101.5462713
102.3765756
103.1504645
103.8616193
104.5018666
105.0599258
105.5184908
105.8447910
105.9413964
106.0518722
106.1761819
106.3143229
106.4663490
106.6323934
106.8126943
107.0076180
107.2176836
107.4435885
107.6862380
107.9467814
108.2266585
108.5276591
108.8520023
109.2024431
109.5824172
109.9962424
110.4494030
110.9489649
111.5041969
112.1275401
112.8361793
113.6547101
114.6198369
115.7887844
117.2536488
119.1601582
121.7029223
125.0000000
0.0000000
0.6233790
1.2427622
1.8547340
2.4559230
3.0432549
3.6143701
4.1681460
4.7050812
5.2272088
5.7375105
6.2392710
6.7356950
7.2297928
7.7244080
8.2222679
8.7259822
9.2379431
9.7601234
10.2938785
10.8401856
11.4012462
11.9840003
12.3101730
12.7685587
13.3263997
13.9663967
14.6772734
15.4508598
16.2808394
17.1621093
18.0904129
19.0621118
20.0740358
21.1233793
22.2076274
23.3245008
24.4719148
25.6479470
26.8508122
28.0788424
29.3304702
30.6042150
31.8986726
33.2125047
34.5444318
35.8932256
37.2577037
38.6367236
40.0291790
41.4339951
42.8501254
44.2765481
45.7122636
47.1562914
48.6076680
50.0654444
51.5286841
52.9964610
54.4678575
55.9419630
57.4178717
58.8946811
60.3714905
61.8473992
63.3215046
64.7929012
66.2606781
67.7239177
69.1816942
70.6330708
72.0770986
73.5128141
74.9392368
76.3553670
77.7601832
79.1526386
80.5316585
81.8961366
83.2449304
84.5768575
85.8906896
87.1851471
88.4588920
89.7105197
90.9385500
92.1414152
93.3174474
94.4648614
95.5817348
96.6659828
97.7153264
98.7272504
99.6989493
100.6272529
101.5085228
102.3385024
103.1120887
103.8229655
104.4629625
105.0208035
105.4791892
105.8053619
105.9020033
106.0119359
106.1351096
106.2715098
106.4211761
106.5842247
106.7608728
106.9514618
107.1564820
107.3765980
107.6126778
107.8658292
108.1374445
108.4292604
108.7434357
109.0826567
109.4502803
109.8505322
110.2887893
110.7719897
111.3092506
111.9128364
112.5997491
113.3944810
114.3340320
115.4773674
116.9229001
118.8354714
121.4580474
125.0000000
0.0000000
0.6263419
1.2485216
1.8630189
2.4662751
3.0549566
3.6264405
4.1794750
4.7146925
5.2345132
5.7423721
6.2419118
6.7365440
7.2293550
7.7231725
8.2206543
8.7243112
9.2364234
9.7588456
10.2928125
10.8391612
11.3998454
11.9810098
12.3070428
12.7652323
13.3228344
13.9625573
14.6731297
15.4463848
16.2760090
17.1569016
18.0848077
19.0560905
20.0675812
21.1164754
22.2002593
23.3166544
24.4635771
25.6391057
26.8414559
28.0689603
29.3200521
30.5932515
31.8871548
33.2004243
34.5317811
35.8799974
37.2438912
38.6223207
40.0141798
41.4183944
42.8339183
44.2597302
45.6948309
47.1382404
48.5889956
50.0461478
51.5087609
52.9759093
54.4466758
55.9201501
57.3954268
58.8716038
60.3477809
61.8230576
63.2965319
64.7672984
66.2344468
67.6970599
69.1542121
70.6049672
72.0483767
73.4834775
74.9092894
76.3248133
77.7290279
79.1208870
80.4993165
81.8632103
83.2114266
84.5427833
85.8560529
87.1499562
88.4231556
89.6742474
90.9017518
92.1041020
93.2796306
94.4265533
95.5429484
96.6267322
97.6756265
98.6871172
99.6584000
100.5863061
101.4671987
102.2968229
103.0700780
103.7806504
104.4203733
104.9779754
105.4361649
105.7621978
105.8588905
105.9681820
106.0900170
106.2243786
106.3713009
106.5308894
106.7033448
106.8889871
107.0882794
107.3018543
107.5305423
107.7754075
108.0377921
108.3193746
108.6222464
108.9490151
109.3029445
109.6881504
110.1098761
110.5748963
111.0921246
111.6735689
112.3359151
113.1033175
114.0126539
115.1239897
116.5416235
118.4517455
121.1583296
125.0000000
0.0000000
0.6296521
1.2549815
1.8723584
2.4780133
3.0683037
3.6402754
4.1924930
4.7257355
5.2428923
5.7479423
6.2449426
6.7375366
7.2288893
7.7218059
8.2188619
8.7224552
9.2347383
9.7574332
10.2916401
10.8380430
11.3983286
11.9777820
12.3036643
12.7616419
13.3189862
13.9584133
14.6686572
15.4415547
16.2707953
17.1512806
18.0787577
19.0495914
20.0606144
21.1090237
22.1923064
23.3081854
24.4545777
25.6295628
26.8313571
28.0582939
29.3088072
30.5814180
31.8747230
33.1873853
34.5181265
35.8657194
37.2289826
38.6067747
39.9979903
41.4015557
42.8164250
44.2415777
45.6760149
47.1187570
48.5688414
50.0253198
51.4872567
52.9537267
54.4238132
55.8966062
57.3712007
58.8466953
60.3221898
61.7967844
63.2695773
64.7396638
66.2061338
67.6680707
69.1245491
70.5746335
72.0173756
73.4518128
74.8769655
76.2918349
77.6954002
79.0866158
80.4644079
81.8276711
83.1752640
84.5060052
85.8186675
87.1119725
88.3845833
89.6350966
90.8620335
92.0638277
93.2388128
94.3852051
95.5010841
96.5843668
97.6327761
98.6437991
99.6146328
100.5421099
101.4225952
102.2518358
103.0247334
103.7349772
104.3744043
104.9317487
105.3897262
105.7156085
105.8123679
105.9208984
106.0411557
106.1731370
106.3168840
106.4725016
106.6401813
106.8202261
107.0130756
107.2193319
107.4397884
107.6754647
107.9276500
108.1979602
108.4884120
108.8015239
109.1404529
109.5091844
109.9128018
110.3578788
110.8530708
111.4100448
112.0450267
112.7815597
113.6558489
114.7279960
116.1067376
118.0006485
120.7902199
125.0000000
0.0000000
0.6333179
1.2621668
1.8828056
2.4912320
3.0834389
3.6560543
4.2073855
4.7383652
5.2524564
5.7542901
6.2484022
6.7386910
7.2284019
7.7203078
8.2168880
8.7204111
9.2328859
9.7558860
10.2903629
10.8368348
11.3967047
11.9743410
12.3000625
12.7578142
13.3148837
13.9539955
14.6638891
15.4364055
16.2652371
17.1452882
18.0723079
19.0426629
20.0531873
21.1010795
22.1838280
23.2991567
24.4449837
25.6193894
26.8205910
28.0469227
29.2968194
30.5688026
31.8614698
33.1734848
34.5035697
35.8504981
37.2130889
38.5902016
39.9807311
41.3836043
42.7977760
44.2222258
45.6559556
47.0979862
48.5473555
50.0031157
51.4643316
52.9300784
54.3994399
55.8715066
57.3453740
58.8201409
60.2949078
61.7687751
63.2408418
64.7102033
66.1759501
67.6371660
69.0929263
70.5422955
71.9843261
73.4180559
74.8425058
76.2566774
77.6595506
79.0500801
80.4271928
81.7897837
83.1367120
84.4667970
85.7788120
87.0714792
88.3434624
89.5933590
90.8196908
92.0208924
93.1952980
94.3411250
95.4564537
96.5392022
97.5870944
98.5976189
99.5679738
100.4949935
101.3750446
102.2038763
102.9763927
103.6862863
104.3253980
104.8824675
105.3402193
105.6659408
105.7627796
105.8703973
105.9887890
106.1179913
106.2580737
106.4091541
106.5714240
106.7451763
106.9308312
107.1289629
107.3403288
107.5659035
107.8069209
108.0649296
108.3418648
108.6401454
108.9628068
109.3136843
109.6976735
110.1211091
110.5923342
111.1225928
111.7275108
112.4297446
113.2642021
114.2895467
115.6160056
117.4726253
120.3341875
125.0000000
0.0000000
0.6373472
1.2701025
1.8944174
2.5060369
3.1005279
3.6739932
4.2243780
4.7527694
5.2633370
5.7614973
6.2523357
6.7400288
7.2279000
7.7186779
8.2147291
8.7181756
9.2308641
9.7542036
10.2889824
10.8355406
11.3949828
11.9707134
12.2962655
12.7537791
13.3105589
13.9493382
14.6588626
15.4309772
16.2593778
17.1389711
18.0655086
19.0353589
20.0453577
21.0927049
22.1748902
23.2896388
24.4348698
25.6086646
26.8092414
28.0349354
29.2841819
30.5555035
31.8474983
33.1588309
34.4882240
35.8344518
37.1963340
38.5727304
39.9625366
41.3646801
42.7781162
44.2018252
45.6348092
47.0760898
48.5247052
49.9797082
51.4401641
52.9051486
54.3737458
55.8450468
57.3181476
58.7921474
60.2661472
61.7392480
63.2105490
64.6791463
66.1441307
67.6045866
69.0595896
70.5082050
71.9494856
73.3824697
74.8061786
76.2196147
77.6217582
79.0115645
80.3879609
81.7498430
83.0960708
84.4254639
85.7367965
87.0287914
88.3001130
89.5493595
90.7750534
91.9756302
93.1494250
94.2946561
95.4094046
96.4915900
97.5389372
98.5489360
99.5187862
100.4453238
101.3249171
102.1533177
102.9254323
103.6349566
104.2737360
104.8305157
105.2880294
105.6135815
105.7105038
105.8170104
105.9331827
106.0591357
106.1949932
106.3409038
106.4970713
106.6637856
106.8414528
107.0306224
107.2320171
107.4465663
107.6754463
107.9201341
108.1824759
108.4647810
108.7699481
109.1016421
109.4645436
109.8647108
110.3101228
110.8115253
111.3838234
112.0485518
112.8387460
113.8099694
115.0692640
116.8579973
119.7606273
125.0000000
0.0000000
0.6417470
1.2788133
1.9072532
2.5225451
3.1197640
3.6943524
4.2437476
4.7691764
5.2756917
5.7696599
6.2567960
6.7415748
7.2273920
7.7169158
8.2123816
8.7157445
9.2286705
9.7523857
10.2875004
10.8341646
11.3931727
11.9669291
12.2923044
12.7495697
13.3060472
13.9444798
14.6536189
15.4253143
16.2532652
17.1323810
18.0584155
19.0277392
20.0371898
21.0839684
22.1655662
23.2797096
24.4243189
25.5974764
26.7974015
28.0224300
29.2709983
30.5416297
31.8329231
33.1435438
34.4722152
35.8177122
37.1788550
38.5545041
39.9435559
41.3449382
42.7576069
44.1805430
45.6127491
47.0532472
48.5010762
49.9552893
51.4149523
52.8791415
54.3469414
55.8174437
57.2897447
58.7629443
60.2361439
61.7084450
63.1789472
64.6467472
66.1109363
67.5705993
69.0248125
70.4726414
71.9131395
73.3453456
74.7682817
76.1809505
77.5823327
78.9713845
80.3470337
81.7081765
83.0536734
84.3823448
85.6929655
86.9842589
88.2548903
89.5034587
90.7284872
91.9284122
93.1015698
94.2461791
95.3603225
96.4419203
97.4886989
98.4981494
99.4674731
100.3935076
101.2726235
102.1005743
102.8722697
103.5814089
104.2198414
104.7763189
105.2335842
105.5589596
105.6559513
105.7610814
105.8745934
105.9967361
106.1277229
106.2677547
106.4170602
106.5759351
106.7447762
106.9241118
107.1146313
107.3172181
107.5329890
107.7633448
108.0100355
108.2752500
108.5617358
108.8729671
109.2133822
109.5887269
110.0065674
110.4770856
111.0143708
111.6386763
112.3807815
113.2918137
114.4702121
116.1510984
119.0214858
125.0000000
0.0000000
0.6465231
1.2883224
1.9213742
2.5408856
3.1413712
3.7174485
4.2658378
4.7878667
5.2897100
5.7788921
6.2618448
6.7433580
7.2268876
7.7150214
8.2098411
8.7131135
9.2263022
9.7504316
10.2859184
10.8327109
11.3912842
11.9630209
12.2882138
12.7452225
13.3013878
13.9394623
14.6482036
15.4194662
16.2469526
17.1255752
18.0510903
19.0198702
20.0287545
21.0749459
22.1559370
23.2694554
24.4134226
25.5859221
26.7851740
28.0095153
29.2573833
30.5273019
31.8178710
33.1277564
34.4556825
35.8004247
37.1608039
38.5356814
39.9239540
41.3245501
42.7364264
44.1585643
45.5899670
47.0296571
48.4766738
49.9300712
51.3889154
52.8522832
54.3192598
55.7889371
57.2604123
58.7327855
60.2051587
61.6766338
63.1463112
64.6132878
66.0766555
67.5354998
68.9888971
70.4359139
71.8756040
73.3070067
74.7291445
76.1410208
77.5416170
78.9298895
80.3047670
81.6651463
83.0098885
84.3378145
85.6477000
86.9382691
88.2081877
89.4560556
90.6803970
91.8796489
93.0521483
94.1961156
95.3096340
96.3906250
97.4368165
98.4457007
99.4144807
100.3399957
101.2186184
102.0461048
102.8173673
103.5261087
104.1641831
104.7203484
105.1773572
105.5025500
105.5995626
105.7029543
105.8132506
105.9309102
106.0562795
106.1896356
106.3312455
106.4814182
106.6405461
106.8091388
106.9878532
107.1775262
107.3792123
107.5942311
107.8242293
108.0712645
108.3379183
108.6274545
108.9440423
109.2930798
109.6816748
110.1193858
110.6194146
111.2006464
111.8914765
112.7381003
113.8269315
115.3642160
118.0306041
125.0000000
0.0000000
0.6516796
1.2986504
1.9368418
2.5611980
3.1656105
3.7436692
4.2910821
4.8091881
5.3056217
5.7893291
6.2675548
6.7454120
7.2263980
7.7129942
8.2071030
8.7102775
9.2237561
9.7483406
10.2842379
10.8311838
11.3893275
11.9590253
12.2840315
12.7407781
13.2966242
13.9343325
14.6426672
15.4134871
16.2404987
17.1186172
18.0436011
19.0118252
20.0201305
21.0657216
22.1460924
23.2589718
24.4022826
25.5741092
26.7726730
27.9963117
29.2434636
30.5126535
31.8024820
33.1116158
34.4387799
35.7827504
37.1423490
38.5164375
39.9039135
41.3037059
42.7147721
44.1360938
45.5666751
47.0055391
48.4517255
49.9042889
51.3622960
52.8248240
54.2909588
55.7597928
57.2304236
58.7019519
60.1734802
61.6441109
63.1129449
64.5790797
66.0416078
67.4996149
68.9521782
70.3983647
71.8372286
73.2678099
74.6891317
76.1001978
77.4999902
78.8874662
80.2615547
81.6211533
82.9651239
84.2922879
85.6014217
86.8912502
88.1604401
89.4075920
90.6312308
91.8297945
93.0016212
94.1449319
95.2578114
96.3381821
97.3837732
98.3920785
99.3603026
100.2852865
101.1634050
101.9904166
102.7612366
103.4695712
104.1072795
104.6631257
105.1198722
105.4448784
105.5418016
105.6429560
105.7493325
105.8617006
105.9805891
106.1063749
106.2393747
106.3799169
106.5283926
106.6852939
106.8512454
107.0270359
107.2136543
107.4123338
107.6246099
107.8523981
108.0980995
108.3647477
108.6562172
108.9775237
109.3352719
109.7383412
110.1989814
110.7346582
111.3714160
112.1508101
113.1475622
114.5311464
116.8628795
123.0000000
0.0000000
0.6572182
1.3098141
1.9537149
2.5836320
3.1927846
3.7734964
4.3200374
4.8335788
5.3237080
5.8011331
6.2740112
6.7477762
7.2259363
7.7108342
8.2041619
8.7072309
9.2210284
9.7461116
10.2824607
10.8295877
11.3873126
11.9549826
12.2798000
12.7362812
13.2918045
13.9291423
14.6370655
15.4074377
16.2339688
17.1115771
18.0360237
19.0036853
20.0114049
21.0563886
22.1361317
23.2483646
24.3910112
25.5621571
26.7600246
27.9829525
29.2293799
30.4978325
31.7869117
33.0952850
34.4216781
35.7648678
37.1236766
38.4969669
39.8836368
41.2826161
42.6928625
44.1133586
45.5431088
46.9811369
48.4264832
49.8782027
51.3353628
52.7970412
54.2623243
55.7303050
57.2000815
58.6707549
60.1414284
61.6112048
63.0791855
64.5444686
66.0061470
67.4633071
68.9150266
70.3603729
71.7984010
73.2281512
74.6486473
76.0588937
77.4578730
78.8445429
80.2178332
81.5766420
82.9198318
84.2462248
85.5545981
86.8436773
88.1121299
89.3585573
90.5814852
91.7793527
92.9504986
94.0931452
95.2053781
96.2851213
97.3301049
98.3378245
99.3054861
100.2299327
101.1075411
101.9340722
102.7044443
103.4123675
104.0497053
104.6052286
105.0617098
105.3865272
105.4831442
105.5813697
105.6829337
105.7890412
105.9004548
106.0176697
106.1410594
106.2709739
106.4078039
106.5520236
106.7042237
106.8651424
107.0356985
107.2170330
107.4105619
107.6180476
107.8416962
108.0842919
108.3493886
108.6415862
108.9669419
109.3335985
109.7527857
110.2404888
110.8204284
111.5299643
112.4341836
113.6724993
115.6942389
121.0000000
0.0000000
0.6631377
1.3218248
1.9720481
2.6083452
3.2232457
3.8075372
4.3534390
4.8616004
5.3443169
5.8144999
6.2813157
6.7504969
7.2255182
7.7085412
8.2010117
8.7039672
9.2181151
9.7437435
10.2805880
10.8279268
11.3852495
11.9509378
12.2755663
12.7317820
13.2869822
13.9239493
14.6314608
15.4013849
16.2274354
17.1045333
18.0284423
18.9955411
20.0026746
21.0470506
22.1261658
23.2377518
24.3797339
25.5501987
26.7473695
27.9695862
29.2152887
30.4830036
31.7713331
33.0789455
34.4045671
35.7469757
37.1049943
38.4774859
39.8633494
41.2615150
42.6709412
44.0906112
45.5195300
46.9567217
48.4012274
49.8521027
51.3084153
52.7692436
54.2336745
55.7008015
57.1697232
58.6395413
60.1093595
61.5782811
63.0454081
64.5098390
65.9706673
67.4269800
68.8778552
70.3223609
71.7595527
73.1884714
74.6081414
76.0175676
77.4157333
78.8015967
80.1740883
81.5321069
82.8745155
84.2001372
85.5077495
86.7960790
88.0637939
89.3094964
90.5317131
91.7288839
92.8993487
94.0413308
95.1529169
96.2320321
97.2764080
98.2835415
99.2506403
100.1745493
101.0516472
101.8776977
102.6476218
103.3551333
103.9921004
104.5473006
105.0035163
105.3281448
105.4240580
105.5183961
105.6140211
105.7127156
105.8155179
105.9230503
106.0357416
106.1539609
106.2780953
106.4085986
106.5460243
106.6910557
106.8445364
107.0075081
107.1812585
107.3673857
107.5678859
107.7852749
108.0227612
108.2844956
108.5759431
108.9044510
109.2801517
109.7174614
110.2377212
110.8742811
111.6839269
112.7817630
114.5176216
119.0000000
0.0000000
0.6694337
1.3346865
1.9918872
2.6354990
3.2574018
3.8465710
4.3922922
4.8939902
5.3678865
5.8296681
6.2895894
6.7536287
7.2251618
7.7061156
8.1976457
8.7004793
9.2150114
9.7412348
10.2786214
10.8262052
11.3831480
11.9469412
12.2713830
12.7273364
13.2822174
13.9188183
14.6259230
15.3954044
16.2209799
17.0975735
18.0209513
18.9874941
19.9940485
21.0378239
22.1163187
23.2272656
24.3685910
25.5383828
26.7348653
27.9563793
29.2013655
30.4683515
31.7559402
33.0628008
34.3876603
35.7292970
37.0865347
38.4582372
39.8433038
41.2406656
42.6492814
44.0681351
45.4962323
46.9325976
48.3762728
49.8263138
51.2817891
52.7417775
54.2053664
55.6716499
57.1397269
58.6086999
60.0776730
61.5457500
63.0120335
64.4756223
65.9356107
67.3910860
68.8411271
70.2848022
71.7211676
73.1492648
74.5681185
75.9767343
77.3740961
78.7591627
80.1308651
81.4881029
82.8297396
84.1545991
85.4614596
86.7490484
88.0160344
89.2610206
90.4825345
91.6790170
92.8488088
93.9901343
95.1010812
96.1795760
97.2233514
98.2299058
99.1964486
100.1198263
100.9964200
101.8219955
102.5914769
103.2985816
103.9351825
104.4900635
104.9460168
105.2704587
105.3649671
105.4540973
105.5423772
105.6323056
105.7252139
105.8218404
105.9226569
106.0280419
106.1383725
106.2540764
106.3756645
106.5037594
106.6391227
106.7826888
106.9356074
107.0993004
107.2755391
107.4665522
107.6751781
107.9050859
108.1611041
108.4497235
108.7798960
109.1643577
109.6219471
110.1819874
110.8936819
111.8522641
113.3238111
117.0000000
0.0000000
0.6760975
1.3483944
2.0132659
2.6652532
3.2957242
3.8916206
4.4380355
4.9317435
5.3949783
5.8469332
6.2989792
6.7572368
7.2248889
7.7035576
8.1940565
8.6967590
9.2117121
9.7385837
10.2765621
10.8244270
11.3810170
11.9430500
12.2673102
12.7230082
13.2775783
13.9138227
14.6205313
15.3895817
16.2146948
17.0907974
18.0136580
18.9796593
19.9856500
21.0288408
22.1067314
23.2170561
24.3577422
25.5268788
26.7226911
27.9435209
29.1878097
30.4540861
31.7409536
33.0470822
34.3711996
35.7120848
37.0685623
38.4394965
39.8237873
41.2203663
42.6281932
44.0462522
45.4735494
46.9091102
48.3519768
49.8012056
51.2558656
52.7150363
54.1778054
55.6432675
57.1105222
58.5786725
60.0468227
61.5140774
62.9795396
64.4423087
65.9014793
67.3561394
68.8053682
70.2482347
71.6837956
73.1110928
74.5291518
75.9369786
77.3335577
78.7178485
80.0887826
81.4452601
82.7861454
84.1102628
85.4163913
86.7032589
87.9695352
89.2138241
90.4346538
91.6304661
92.7996027
93.9402889
95.0506135
96.1285042
97.1716950
98.1776856
99.1436870
100.0665475
100.9426502
101.7677632
102.5368137
103.2435223
103.8797666
104.4343368
104.8900348
105.2142949
105.3061937
105.3883173
105.4675291
105.5471333
105.6287228
105.7131129
105.8007919
105.8921318
105.9874889
106.0872562
106.1918947
106.3019582
106.4181181
106.5411920
106.6721806
106.8123168
106.9631319
107.1265481
107.3050093
107.5016708
107.7206807
107.9676124
108.2501494
108.5792223
108.9709947
109.4505860
110.0598161
110.8769998
112.1009770
115.0000000
0.0000000
0.6831160
1.3629326
2.0362003
2.6977574
3.3387530
3.9440631
4.4928629
4.9762554
5.4263303
5.8666672
6.3096643
6.7613995
7.2247254
7.7008683
8.1902355
8.6927973
9.2082111
9.7357881
10.2744113
10.8225962
11.3788649
11.9393306
12.2634171
12.7188709
13.2731440
13.9090475
14.6153775
15.3840160
16.2086870
17.0843204
18.0066865
18.9721704
19.9776221
21.0202541
22.0975673
23.2072972
24.3473723
25.5158826
26.7110543
27.9312300
29.1748523
30.4404503
31.7266285
33.0320573
34.3554654
35.6956324
37.0513832
38.4215829
39.8051322
41.2009631
42.6080358
44.0253351
45.4518677
46.8866595
48.3287531
49.7772056
51.2310864
52.6894753
54.1514608
55.6161379
57.0826066
58.5499704
60.0173341
61.4838028
62.9484799
64.4104654
65.8688544
67.3227352
68.7711876
70.2132812
71.6480730
73.0746057
74.4919050
75.8989776
77.2948085
78.6783578
80.0485575
81.4043084
82.7444753
84.0678834
85.3733122
86.6594904
87.9250884
89.1687107
90.3888864
91.5840582
92.7525684
93.8926435
95.0023734
96.0796866
97.1223186
98.1277703
99.0932542
100.0156203
100.8912537
101.7159247
102.4845632
103.1908932
103.8267967
104.3810698
104.8365237
105.1606101
105.2478594
105.3205716
105.3886621
105.4561965
105.5249161
105.5956409
105.6688368
105.7448472
105.8239937
105.9066237
105.9931380
106.0840119
106.1798160
106.2812398
106.3891228
106.5044946
106.6286298
106.7631240
106.9100016
107.0718715
107.2521584
107.4554573
107.6880958
107.9590665
108.2816563
108.6764912
109.1777802
109.8483433
110.8343066
113.0000000
0.0000000
0.6904709
1.3782719
2.0606830
2.7331389
3.3870999
4.0058110
4.5604355
5.0295825
5.4629467
5.8893498
6.3218681
6.7662124
7.2247030
7.6980494
8.1861735
8.6885838
9.2045018
9.7328455
10.2721699
10.8207164
11.3766986
11.9358621
12.2597866
12.7150128
13.2690089
13.9045945
14.6105715
15.3788258
16.2030846
17.0782803
18.0001854
18.9651867
19.9701359
21.0122467
22.0890215
23.1981967
24.3377019
25.5056281
26.7002025
27.9197683
29.1627690
30.4277344
31.7132697
33.0180461
34.3407927
35.6802898
37.0353630
38.4048778
39.7877355
41.1828688
42.5892382
44.0058291
45.4316487
46.8657233
48.3070961
49.7548246
51.2079787
52.6656387
54.1268935
55.5908384
57.0565742
58.5232045
59.9898348
61.4555706
62.9195156
64.3807703
65.8384303
67.2915844
68.7393129
70.1806857
71.6147604
73.0405800
74.4571709
75.8635403
77.2586735
78.6415312
80.0110461
81.3661192
82.7056164
84.0283629
85.3331393
86.6186746
87.8836400
89.1266407
90.3462066
91.5407809
92.7087071
93.8482124
94.9573876
96.0341623
97.0762731
98.0812223
99.0462236
99.9681288
100.8433244
101.6675833
102.4358375
103.1418145
103.7774002
104.3313962
104.7866224
105.1105469
105.1897189
105.2498995
105.3045266
105.3581039
105.4123023
105.4678449
105.5251294
105.5844469
105.6460677
105.7102800
105.7774119
105.8478477
105.9220443
106.0005497
106.0840273
106.1732868
106.2693272
106.3733952
106.4870686
106.6123756
106.7519727
106.9094160
107.0895904
107.2994208
107.5491099
107.8544493
108.2415265
108.7577004
109.5062961
111.0000000
0.0000000
0.6981383
1.3943683
2.0866766
2.7714875
3.4414469
4.0796273
4.6477541
5.0949918
5.5062630
5.9156203
6.3358747
6.7717935
7.2248605
7.6951035
8.1818600
8.6841070
9.2005764
9.7297531
10.2698388
10.8187912
11.3745233
11.9327441
12.2565230
12.7115445
13.2652915
13.9005915
14.6062511
15.3741600
16.1980483
17.0728505
17.9943412
18.9589087
19.9634061
21.0050484
22.0813391
23.1900157
24.3290087
25.4964098
26.6904471
27.9094647
29.1519067
30.4163034
31.7012608
33.0054506
34.3276025
35.6664975
37.0209615
38.3898607
39.7720967
41.1666028
42.5723399
43.9882940
45.4134726
46.8469026
48.2876274
49.7347051
51.1872059
52.6442106
54.1048085
55.5680953
57.0331722
58.4991432
59.9651142
61.4301910
62.8934779
64.3540757
65.8110804
67.2635813
68.7106589
70.1513837
71.5848137
73.0099923
74.4259464
75.8316836
77.2261896
78.6084257
79.9773249
81.3317889
82.6706838
83.9928358
85.2970256
86.5819829
87.8463797
89.0888216
90.3078392
91.5018765
92.6692777
93.8082707
94.9169472
95.9932379
97.0348803
98.0393777
99.0039452
99.9254359
100.8002381
101.6241264
102.3920353
103.0976949
103.7329948
104.2867418
104.7417634
105.0655422
105.1308658
105.1746803
105.2133517
105.2510183
105.2889702
105.3277306
105.3675876
105.4087568
105.4514392
105.4958482
105.5422233
105.5908424
105.6420326
105.6961836
105.7537641
105.8153439
105.8816232
105.9534730
106.0319922
106.1185893
106.2151032
106.3239867
106.4485955
106.5936629
106.7661204
106.9766137
107.2425582
107.5951009
108.0990456
109.0000000
0.0000000
0.7060885
1.4111610
2.1141072
2.8128359
3.5025560
4.1698053
4.7716659
5.1784310
5.5585171
5.9463775
6.3520574
6.7782920
7.2252460
7.6920347
8.1772834
8.6793540
9.1964264
9.7265073
10.2674186
10.8168241
11.3723415
11.9301140
12.2537700
12.7086189
13.2621558
13.8972147
14.6026066
15.3702242
16.1937999
17.0682703
17.9894114
18.9536129
19.9577292
20.9989764
22.0748588
23.1831147
24.3216756
25.4886339
26.6822182
27.9007733
29.1427439
30.4066609
31.6911308
32.9948258
34.3164762
35.6548632
37.0088133
38.3771932
39.7589048
41.1528818
42.5580857
43.9735026
45.3981405
46.8310267
48.2712049
49.7177336
51.1696833
52.6261353
54.0861790
55.5489108
57.0134318
58.4788466
59.9442614
61.4087824
62.8715142
64.3315579
65.7880098
67.2399596
68.6864883
70.1266665
71.5595527
72.9841906
74.3996075
75.8048113
77.1987883
78.5805000
79.9488799
81.3028300
82.6412170
83.9628673
85.2665624
86.5510322
87.8149493
89.0569199
90.2754750
91.4690593
92.6360176
93.7745785
94.8828344
95.9587168
96.9999639
98.0040802
98.9682818
99.8894229
100.7638932
101.5874690
102.3550866
103.0604784
103.6955373
104.2490743
104.7039232
105.0275792
105.0691658
105.0924584
105.1128020
105.1326092
105.1525253
105.1728113
105.1936196
105.2150687
105.2372710
105.2603453
105.2844235
105.3096574
105.3362239
105.3643323
105.3942333
105.4262302
105.4606940
105.4980850
105.5389817
105.5841229
105.6344690
105.6912947
105.7563328
105.8320071
105.9218280
106.0311039
106.1683257
106.3481648
106.5991936
107.0000000
0.0000000
0.7142857
1.4285714
2.1428571
2.8571429
3.5714286
4.2857143
5.0000000
5.2959026
5.6241172
5.9830446
6.3709363
6.7859024
7.2259212
7.6888491
8.1724307
8.6743101
9.1920421
9.7231044
10.2649097
10.8148184
11.3701514
11.9282032
12.2517700
12.7064935
13.2598778
13.8947616
14.5999590
15.3673650
16.1907136
17.0649428
17.9858300
18.9497657
19.9536052
20.9945652
22.0701509
23.1781013
24.3163483
25.4829848
26.6762400
27.8944592
29.1360873
30.3996559
31.6837717
32.9871072
34.3083932
35.6464111
36.9999880
38.3679906
39.7493212
41.1429139
42.5477303
43.9627569
45.3870021
46.8194932
48.2592743
49.7054042
51.1569536
52.6130040
54.0726452
55.5349736
56.9990908
58.4641016
59.9291124
61.3932296
62.8555581
64.3151992
65.7712496
67.2227991
68.6689289
70.1087101
71.5412011
72.9654463
74.3804729
75.7852893
77.1788820
78.5602127
79.9282153
81.2817921
82.6198101
83.9410960
85.2444316
86.5285473
87.7921159
89.0337440
90.2519632
91.4452184
92.6118549
93.7501019
94.8580523
95.9336380
96.9745981
97.9784375
98.9423733
99.8632604
100.7374896
101.5608383
102.3282442
103.0334416
103.6683254
104.2217097
104.6764332
105.0000000
105.0000000
105.0000000
105.0000000
105.0000000
105.0000000
105.0000000
105.0000000
105.0000000
105.0000000
105.0000000
105.0000000
105.0000000
105.0000000
105.0000000
105.0000000
105.0000000
105.0000000
105.0000000
105.0000000
105.0000000
105.0000000
105.0000000
105.0000000
105.0000000
105.0000000
105.0000000
105.0000000
105.0000000
105.0000000
105.0000000
