7
0.333333333333333  0.333333333333333 0.333333333333334 
0.470142064105115  0.059715871789770 0.470142064105115 
0.101286507323457  0.797426985353087 0.101286507323456 
0.059715871789770  0.470142064105115 0.470142064105115 
0.797426985353087  0.101286507323456 0.101286507323457 
0.470142064105115  0.470142064105115 0.059715871789770 
0.101286507323456  0.101286507323457 0.797426985353087 
0.225000000000000
0.132394152788506
0.125939180544827
0.132394152788506
0.125939180544827
0.132394152788506
0.125939180544827
