16
-0.989400934991649940
-0.944575023073232600
-0.865631202387831640
-0.755404408355003110
-0.617876244402643770
-0.458016777657227370
-0.281603550779258920
-0.095012509837637454
0.095012509837637454
0.281603550779258920
0.458016777657227370
0.617876244402643770
0.755404408355003110
0.865631202387831640
0.944575023073232600
0.989400934991649940
0.027152459411754076
0.062253523938647762
0.095158511682492883
0.124628971255533890
0.149595988816576790
0.169156519395002510
0.182603415044923610
0.189450610455068450
0.189450610455068450
0.182603415044923610
0.169156519395002510
0.149595988816576790
0.124628971255533890
0.095158511682492883
0.062253523938647762
0.027152459411754076
