22
-0.994294585482399240
-0.970060497835428800
-0.926956772187174090
-0.865812577720300070
-0.787816805979208110
-0.694487263186682750
-0.587640403506910490
-0.469355837986757060
-0.341935820892084190
-0.207860426688221300
-0.069739273319722211
0.069739273319722211
0.207860426688221300
0.341935820892084190
0.469355837986757060
0.587640403506912710
0.694487263186682750
0.787816805979208110
0.865812577720300070
0.926956772187174090
0.970060497835428800
0.994294585482399240
0.014627995298272441
0.033774901584814110
0.052293335152683293
0.069796468424520502
0.085941606217067784
0.100414144442881060
0.112932296080539400
0.123252376810512310
0.131173504787062330
0.136541498346015010
0.139251872855632120
0.139251872855632120
0.136541498346015010
0.131173504787062330
0.123252376810512310
0.112932296080538950
0.100414144442881060
0.085941606217067784
0.069796468424520502
0.052293335152683293
0.033774901584814110
0.014627995298272441
