23
-0.994769334997552160
-0.972542471218115210
-0.932971086826016150
-0.876752358270441730
-0.804888401618840010
-0.718661363131950280
-0.619609875763646120
-0.509501477846007630
-0.390301038030290810
-0.264135680970344900
-0.133256824298466140
-0.000000000000000000
0.133256824298466140
0.264135680970344900
0.390301038030290810
0.509501477846007630
0.619609875763646120
0.718661363131950280
0.804888401618840010
0.876752358270441730
0.932971086826016150
0.972542471218115210
0.994769334997552160
0.013411859487141695
0.030988005856979344
0.048037671731084697
0.064232421408525781
0.079281411776718866
0.092915766060035182
0.104892091464541560
0.114996640222411360
0.123049084306729520
0.128905722188082160
0.132462039404696670
0.133654572186106270
0.132462039404696670
0.128905722188082160
0.123049084306729520
0.114996640222411360
0.104892091464541560
0.092915766060035182
0.079281411776718866
0.064232421408525781
0.048037671731084697
0.030988005856979344
0.013411859487141695
