26
-0.995885701145617030
-0.978385445956470920
-0.947159066661714230
-0.902637861984306960
-0.845445942788497940
-0.776385948820678800
-0.696427260419956840
-0.606692293017617960
-0.508440714824505810
-0.403051755123486340
-0.292004839485956900
-0.176858820356890160
-0.059230093429313208
0.059230093429313208
0.176858820356890160
0.292004839485956900
0.403051755123486340
0.508440714824505810
0.606692293017618180
0.696427260419957950
0.776385948820678800
0.845445942788497940
0.902637861984306960
0.947159066661714230
0.978385445956470920
0.995885701145617030
0.010551372617342668
0.024417851092631931
0.037962383294362780
0.050975825297147906
0.063274046329574896
0.074684149765659680
0.085045894313485318
0.094213800355914229
0.102059161094425520
0.108471840528576590
0.113361816546319730
0.116660443485296610
0.118321415279262210
0.118321415279262210
0.116660443485296610
0.113361816546319730
0.108471840528576590
0.102059161094425520
0.094213800355914104
0.085045894313485165
0.074684149765659680
0.063274046329574896
0.050975825297147906
0.037962383294362780
0.024417851092631931
0.010551372617342668
