28
-0.954259280628938280
-0.915633026392131950
-0.865892522574394970
-0.805641370917179240
-0.735610878013631670
-0.656651094038865010
-0.569720471811401730
-0.475874224955118220
-0.376251516089078700
-0.272061627635178050
-0.164569282133380790
-0.055079289884034266
0.055079289884034266
0.164569282133380790
0.272061627635178050
0.376251516089078700
0.475874224955118220
0.569720471811401730
0.656651094038865010
0.735610878013631670
0.805641370917179240
0.865892522574394970
0.915633026392131950
0.954259280628938280
0.033927965721011810
0.045654268343940221
0.056826717291194560
0.067309465762870502
0.076975206502007079
0.085706589676176378
0.093397619683598970
0.099954933981243554
0.105298933729634920
0.109364748987618790
0.112103025705573160
0.113480524615129950
0.113480524615129950
0.112103025705573160
0.109364748987618790
0.105298933729634920
0.099954933981243554
0.093397619683598970
0.085706589676176378
0.076975206502007079
0.067309465762870502
0.056826717291194560
0.045654268343940221
0.033927965721011810
