30
-0.960021864968307440
-0.926200047429274420
-0.882560535792052740
-0.829565762382768360
-0.767777432104826070
-0.697850494793315730
-0.620526182989242780
-0.536624148142019970
-0.447033769538089150
-0.352704725530878060
-0.254636926167889800
-0.153869913608583540
-0.051471842555317698
0.051471842555317698
0.153869913608583540
0.254636926167889910
0.352704725530878060
0.447033769538089150
0.536624148142019970
0.620526182989242780
0.697850494793315730
0.767777432104828520
0.829565762382768360
0.882560535792052740
0.926200047429274420
0.960021864968307440
0.029566282533425990
0.039852684773883262
0.049716922821768164
0.059054234886064316
0.067765590275517373
0.075758628382212062
0.082948613696930934
0.089259327240571479
0.094623872203761825
0.098985382177380080
0.102297623567182240
0.104525485503401810
0.105645351937900670
0.105645351937900670
0.104525485503401810
0.102297623567182240
0.098985382177380080
0.094623872203761825
0.089259327240571479
0.082948613696930934
0.075758628382212062
0.067765590275516846
0.059054234886064316
0.049716922821768164
0.039852684773883262
0.029566282533425990
