34
-0.968708262533344300
-0.942162397405106990
-0.907809677718324440
-0.865934638334564520
-0.816884227900933620
-0.761064876629873100
-0.698939113216263010
-0.631021727080528510
-0.557875500669746670
-0.480106545190327030
-0.398359277758645990
-0.313311081339463280
-0.225666691616449480
-0.136152357259182950
-0.045509821953102533
0.045509821953102533
0.136152357259182950
0.225666691616449480
0.313311081339463280
0.398359277758645990
0.480106545190327030
0.557875500669746670
0.631021727080528510
0.698939113216263010
0.761064876629873100
0.816884227900933620
0.865934638334564520
0.907809677718324440
0.942162397405106990
0.968708262533344300
0.023040176789514710
0.031135235619274407
0.038972518323336036
0.046486928824203841
0.053616159394826321
0.060301120998248844
0.066486414280614137
0.072120783368082683
0.077157538807256273
0.081554943757719531
0.085276559539323921
0.088291547435682308
0.090574924164269169
0.092107768859589184
0.092877379838058785
0.092877379838058785
0.092107768859589184
0.090574924164269169
0.088291547435682308
0.085276559539323921
0.081554943757719531
0.077157538807256273
0.072120783368082683
0.066486414280614137
0.060301120998248844
0.053616159394826321
0.046486928824203841
0.038972518323336036
0.031135235619274407
0.023040176789514710
