35
-0.970437616039229840
-0.945345148207827220
-0.912854261359317580
-0.873219125025222360
-0.826749899092225290
-0.773810252286912580
-0.714814501556628730
-0.650224364665890290
-0.580545344749764600
-0.506322773241488560
-0.428137541517814250
-0.346601554430813970
-0.262352941209296090
-0.176051061165989560
-0.088371343275659264
-0.000000000000000000
0.088371343275659264
0.176051061165989560
0.262352941209296090
0.346601554430813970
0.428137541517814250
0.506322773241488560
0.580545344749764600
0.650224364665890290
0.714814501556628730
0.773810252286912580
0.826749899092225290
0.873219125025222360
0.912854261359317580
0.945345148207827220
0.970437616039229840
0.021747807271624977
0.029403638479916314
0.036829554012369418
0.043967290895793709
0.050760948048158928
0.057157342706814433
0.063106409080344900
0.068561585222099597
0.073480175760687091
0.077823685397816103
0.081558119905938462
0.084654252048208617
0.087087850255879923
0.088839868238867650
0.089896594030185073
0.090249757290589719
0.089896594030185073
0.088839868238867650
0.087087850255879923
0.084654252048208617
0.081558119905938462
0.077823685397816103
0.073480175760687091
0.068561585222099597
0.063106409080344900
0.057157342706814433
0.050760948048158928
0.043967290895793709
0.036829554012369418
0.029403638479916314
0.021747807271624977
