36
-0.972027691049697880
-0.948272984399507470
-0.917497774515659170
-0.879929800890397070
-0.835847166992475410
-0.785576230132206450
-0.729489171593556530
-0.668001236585521020
-0.601567658135980570
-0.530680285926245170
-0.455863944433420270
-0.377672547119689230
-0.296684995344028260
-0.213500892316865590
-0.128736103809384770
-0.043018198473708608
0.043018198473708608
0.128736103809384770
0.213500892316865590
0.296684995344028260
0.377672547119689230
0.455863944433420270
0.530680285926245170
0.601567658135980570
0.668001236585521020
0.729489171593556530
0.785576230132206450
0.835847166992475410
0.879929800890397070
0.917497774515659170
0.948272984399507470
0.972027691049697880
0.020561526584010018
0.027812645550586171
0.034858045558793911
0.041645427851108960
0.048124504555513405
0.054247294405815154
0.059968461375876407
0.065245645647703784
0.070039775642291607
0.074315356676900451
0.078040733490646663
0.081188324485300334
0.083734825868006998
0.085661384151888439
0.086953735722880385
0.087602312432677368
0.087602312432677368
0.086953735722880385
0.085661384151888439
0.083734825868006998
0.081188324485300334
0.078040733490646663
0.074315356676900451
0.070039775642291607
0.065245645647703784
0.059968461375876407
0.054247294405815154
0.048124504555513405
0.041645427851108960
0.034858045558793911
0.027812645550586171
0.020561526584010018
