39
-0.976098709333470980
-0.955775212324652350
-0.929409148486738170
-0.897167119292992870
-0.859252937999906100
-0.815906297430143200
-0.767401242931063490
-0.714044435894534590
-0.656173213432010850
-0.594153454957278000
-0.528377268660437550
-0.459260512309136000
-0.387240163971561470
-0.312771559248185890
-0.236325512461835750
-0.158385339997837770
-0.079443804608755469
-0.000000000000000000
0.079443804608755469
0.158385339997837830
0.236325512461835750
0.312771559248185890
0.387240163971561470
0.459260512309136000
0.528377268660437550
0.594153454957278000
0.656173213432010850
0.714044435894534590
0.767401242931063490
0.815906297430143200
0.859252937999906100
0.897167119292992870
0.929409148486738170
0.955775212324652350
0.976098709333470980
0.017533035995765334
0.023744252770176041
0.029805517555802540
0.035678392454579398
0.041325716248161823
0.046711774156725026
0.051802509513739374
0.056565735099294231
0.060971335289257134
0.064991455933234132
0.068600680232635769
0.071776189328765186
0.074497906518433799
0.076748624157566045
0.078514112438113640
0.079783209344715805
0.080547891219464110
0.080803323487141185
0.080547891219464110
0.079783209344715833
0.078514112438113640
0.076748624157566045
0.074497906518433799
0.071776189328765186
0.068600680232635769
0.064991455933234132
0.060971335289257134
0.056565735099294231
0.051802509513739374
0.046711774156725026
0.041325716248161823
0.035678392454579398
0.029805517555802540
0.023744252770176041
0.017533035995765334
