40
-0.977259949983774190
-0.957916819213791680
-0.932812808278676630
-0.902098806968874230
-0.865959503212259560
-0.824612230833311700
-0.778305651426519420
-0.727318255189926880
-0.671956684614179570
-0.612553889667980300
-0.549467125095128180
-0.483075801686178700
-0.413779204371604980
-0.341994090825758490
-0.268152185007253690
-0.192697580701371110
-0.116084070675255220
-0.038772417506050816
0.038772417506050816
0.116084070675255220
0.192697580701371110
0.268152185007253690
0.341994090825758490
0.413779204371604980
0.483075801686178700
0.549467125095128180
0.612553889667980300
0.671956684614179570
0.727318255189927320
0.778305651426519420
0.824612230833311700
0.865959503212259560
0.902098806968874230
0.932812808278676630
0.957916819213791680
0.977259949983774190
0.016671456347983123
0.022585066999882206
0.028363006910316090
0.033970416039844381
0.039373541304676581
0.044539877622604716
0.049438349979458673
0.054039496532544605
0.058315644516177156
0.062241076172398227
0.065792183207030661
0.068947608672916300
0.071688375363186285
0.073997999916016202
0.075862591932892146
0.077270937508722048
0.078214566668667176
0.078687804304683695
0.078687804304683695
0.078214566668667176
0.077270937508722048
0.075862591932892146
0.073997999916016202
0.071688375363186285
0.068947608672916300
0.065792183207030661
0.062241076172398227
0.058315644516177156
0.054039496532544487
0.049438349979458673
0.044539877622604716
0.039373541304676581
0.033970416039844381
0.028363006910316090
0.022585066999882206
0.016671456347983123
