41
-0.935976987497853850
-0.906685944758101050
-0.872201511692441310
-0.832721200401361330
-0.788471145047409340
-0.739704803069926250
-0.686701502034951390
-0.629764839072196380
-0.569220941610215860
-0.505416599199405960
-0.438717277051407060
-0.369505022640481460
-0.298176277341824840
-0.225139605633422780
-0.150813354863992170
-0.075623258989163000
-0.000000000000000000
0.075623258989163000
0.150813354863992170
0.225139605633422780
0.298176277341824840
0.369505022640481460
0.438717277051407060
0.505416599199405960
0.569220941610215860
0.629764839072196380
0.686701502034951390
0.739704803069926250
0.788471145047409340
0.832721200401361330
0.872201511692441310
0.906685944758101050
0.935976987497853850
0.028071831819601167
0.033638912084315749
0.039013329700884294
0.044164290559903799
0.049062286413185920
0.053679260153085627
0.057988765254679886
0.061966116768405438
0.065588532502199759
0.068835263417214285
0.071687712427105518
0.074129540894368795
0.076146762202118981
0.077727821859853261
0.078863663681617707
0.079547781656093428
0.079776257210732560
0.079547781656093428
0.078863663681617707
0.077727821859853261
0.076146762202118981
0.074129540894368795
0.071687712427105518
0.068835263417214285
0.065588532502199759
0.061966116768405438
0.057988765254679886
0.053679260153085627
0.049062286413185920
0.044164290559903799
0.039013329700884294
0.033638912084315749
0.028071831819601167
