42
-0.938923557354988110
-0.910959724904127470
-0.878020569812172800
-0.840285983261816800
-0.797962053255487410
-0.751279935689480590
-0.700494590556171250
-0.645883388869247900
-0.587744597485109430
-0.526395749931192200
-0.462171912070421960
-0.395423852042975030
-0.326516124465411560
-0.255825079342879120
-0.183736806564854530
-0.110645027208519870
-0.036948943165351772
0.036948943165351772
0.110645027208519870
0.183736806564854530
0.255825079342879120
0.326516124465411560
0.395423852042975030
0.462171912070421960
0.526395749931192200
0.587744597485109430
0.645883388869247900
0.700494590556171250
0.751279935689480590
0.797962053255487410
0.840285983261816800
0.878020569812172800
0.910959724904127470
0.938923557354988110
0.026727039458789924
0.032042684409560068
0.037183340431908379
0.042120921603162956
0.046828456754776274
0.051280233222122641
0.055451936074114784
0.059320780446468824
0.062865635784148846
0.066067141155392528
0.068907810947523795
0.071372130342500298
0.073446640039716682
0.075120009758115489
0.076383100113553468
0.077229012532114880
0.077653126926030311
0.077653126926030311
0.077229012532114880
0.076383100113553468
0.075120009758115489
0.073446640039716682
0.071372130342500298
0.068907810947523795
0.066067141155392528
0.062865635784148846
0.059320780446468824
0.055451936074114784
0.051280233222122641
0.046828456754776274
0.042120921603162956
0.037183340431908379
0.032042684409560068
0.026727039458789924
