46
-0.982733669804166880
-0.968021391853991940
-0.948892363446089740
-0.925433798806754030
-0.897752711533941870
-0.865975394866858040
-0.830246837066066060
-0.790730057075274220
-0.747605359615665990
-0.701069512020405790
-0.651334846201997660
-0.598628289712715090
-0.543190330261802630
-0.485273918388164690
-0.425143313282828390
-0.363072877020995670
-0.299345822701870050
-0.234252922206269750
-0.168091179467103500
-0.101162475305584230
-0.033772190016052042
0.033772190016052042
0.101162475305584230
0.168091179467103500
0.234252922206269750
0.299345822701870050
0.363072877020995670
0.425143313282828390
0.485273918388164690
0.543190330261802630
0.598628289712715090
0.651334846201997660
0.701069512020405790
0.747605359615665990
0.790730057075274220
0.830246837066066060
0.865975394866858040
0.897752711533941870
0.925433798806754030
0.948892363446089740
0.968021391853991940
0.982733669804166880
0.012623797576734201
0.017128785573680329
0.021555738464330728
0.025884373407498044
0.030094917604729505
0.034168151731652635
0.038085487497596687
0.041829049603228606
0.045381756334945747
0.048727397130519205
0.051850706383275623
0.054737433020393488
0.057374405489693393
0.059749591838519536
0.061852154601740136
0.063672500244235500
0.065202322930184256
0.066434642418343542
0.067363835909820535
0.067985663702687049
0.068297288536191034
0.068297288536191034
0.067985663702687049
0.067363835909820535
0.066434642418343542
0.065202322930184256
0.063672500244235500
0.061852154601740136
0.059749591838519536
0.057374405489693393
0.054737433020393488
0.051850706383275623
0.048727397130519205
0.045381756334945747
0.041829049603228606
0.038085487497596687
0.034168151731652635
0.030094917604729505
0.025884373407498044
0.021555738464330728
0.017128785573680329
0.012623797576734201
