48
-0.984124583722826960
-0.970591592546247160
-0.952987703160430800
-0.931386690706554440
-0.905879136715569630
-0.876572020274247960
-0.843588261624393490
-0.807066204029442510
-0.767159032515740250
-0.724034130923814740
-0.677872379632664000
-0.628867396776513710
-0.577224726083972680
-0.523160974722233000
-0.466902904750958410
-0.408686481990716780
-0.348755886292160700
-0.287362487355455550
-0.224763790394689080
-0.161222356068891740
-0.097004699209462697
-0.032380170962869367
0.032380170962869367
0.097004699209462697
0.161222356068891740
0.224763790394689080
0.287362487355455550
0.348755886292160700
0.408686481990716780
0.466902904750958410
0.523160974722233000
0.577224726083972680
0.628867396776513710
0.677872379632664000
0.724034130923814740
0.767159032515740250
0.807066204029442510
0.843588261624393490
0.876572020274247960
0.905879136715569630
0.931386690706554440
0.952987703160430800
0.970591592546247160
0.984124583722826960
0.011598800446293639
0.015744330475493638
0.019823933117041795
0.023820420281143291
0.027717008905710178
0.031497348390077583
0.035145579871211217
0.038646400119044619
0.041985124836413930
0.045147749906594592
0.048121009983795995
0.050892434063670090
0.053450397756559326
0.055784172025981890
0.057883968179812076
0.059740978921602024
0.061347415287937572
0.062696539315898442
0.063782692303052418
0.064601318541147423
0.065148984423773135
0.065423392847744982
0.065423392847744982
0.065148984423773135
0.064601318541147423
0.063782692303052418
0.062696539315898442
0.061347415287937572
0.059740978921602024
0.057883968179812076
0.055784172025981890
0.053450397756559326
0.050892434063670090
0.048121009983795995
0.045147749906594592
0.041985124836413930
0.038646400119044619
0.035145579871211217
0.031497348390077583
0.027717008905710178
0.023820420281143291
0.019823933117041795
0.015744330475493638
0.011598800446293639
