51
-0.985915991735903050
-0.973903368019323870
-0.958267848613908240
-0.939067544002962330
-0.916373862309780130
-0.890271218029527360
-0.860856711182292460
-0.828239763823064750
-0.792541712099381180
-0.753895354485375480
-0.712444457577036560
-0.668343221175370150
-0.621755704600723380
-0.572855216351303880
-0.521823669366185740
-0.468850904286041040
-0.414133983226303900
-0.357876456688409510
-0.300287606335331910
-0.241581666447798720
-0.181977026957077570
-0.121695421018888780
-0.060961100150578734
-0.000000000000000000
0.060961100150578734
0.121695421018888780
0.181977026957077570
0.241581666447798720
0.300287606335331910
0.357876456688409510
0.414133983226303900
0.468850904286041040
0.521823669366185740
0.572855216351303880
0.621755704600723380
0.668343221175370150
0.712444457577036560
0.753895354485375480
0.792541712099381180
0.828239763823064750
0.860856711182292460
0.890271218029527360
0.916373862309780130
0.939067544002962330
0.958267848613908240
0.973903368019323870
0.985915991735903050
0.010280773135908926
0.013962444880448417
0.017592272632138306
0.021156685170486692
0.024642404581196310
0.028036457604517954
0.031326215658003427
0.034499439494007696
0.037544323945191561
0.040449541536498011
0.043204284493464466
0.045798304886846240
0.048221952725089764
0.050466211836800674
0.052522733402538775
0.054383867007794739
0.056042689099931882
0.057493028742340399
0.058729490569511635
0.059747474857366381
0.060543194634014696
0.061113689767198227
0.061456837975954318
0.061571362725501289
0.061456837975954318
0.061113689767198227
0.060543194634014696
0.059747474857366381
0.058729490569511635
0.057493028742340399
0.056042689099931882
0.054383867007794739
0.052522733402538775
0.050466211836800674
0.048221952725089764
0.045798304886846240
0.043204284493464466
0.040449541536498011
0.037544323945191561
0.034499439494007696
0.031326215658003427
0.028036457604517954
0.024642404581196310
0.021156685170486692
0.017592272632138306
0.013962444880448417
0.010280773135908926
