52
-0.986446195651549780
-0.941343853641358970
-0.919486128916424450
-0.894336890534495280
-0.865986162846067660
-0.834535432326734440
-0.800097283430468260
-0.762794995193744940
-0.722762099749983290
-0.680141904227167690
-0.635086977695245910
-0.587758604979579100
-0.538326209285827420
-0.486966745698096060
-0.433864067718761630
-0.379208269116093620
-0.323195003434807780
-0.266024783605001810
-0.207902264156366030
-0.149035508606949200
-0.089635244648900575
-0.029914109797338773
0.029914109797338773
0.089635244648900575
0.149035508606949200
0.207902264156366030
0.266024783605001810
0.323195003434807780
0.379208269116093620
0.433864067718761630
0.486966745698096060
0.538326209285827420
0.587758604979579100
0.635086977695245910
0.680141904227167690
0.722762099749983290
0.762794995193744940
0.800097283430468260
0.834535432326734660
0.865986162846067660
0.894336890534495280
0.919486128916424450
0.941343853641358970
0.986446195651549780
0.010200897820944459
0.021004966994398046
0.024472987422124205
0.027853405840532381
0.031134118767321885
0.034303380979556646
0.037349846779613581
0.040262610308309209
0.043031244455485770
0.045645838125860781
0.048097031687935610
0.050376050463048945
0.052474736127570455
0.054385575912445833
0.056101729493883895
0.057617053478038791
0.058926123391559823
0.060024253099016073
0.060907511577530486
0.061572736988478136
0.062017547995820599
0.062240352290524208
0.062240352290524208
0.062017547995820599
0.061572736988478136
0.060907511577530486
0.060024253099016073
0.058926123391559823
0.057617053478038791
0.056101729493883895
0.054385575912445833
0.052474736127570455
0.050376050463048945
0.048097031687935610
0.045645838125860781
0.043031244455485770
0.040262610308309209
0.037349846779613581
0.034303380979556618
0.031134118767321885
0.027853405840532381
0.024472987422124205
0.021004966994398046
0.010200897820944459
