54
-0.987420637397343540
-0.945530975164995850
-0.925213359866651430
-0.901822286284701620
-0.875435454065568890
-0.846140515970772890
-0.814034785913567930
-0.779224915346254040
-0.741826538809184250
-0.701963889719172900
-0.659769387631983010
-0.615383198331127310
-0.568952768195209350
-0.520632334385933150
-0.470582412481382330
-0.418969263255204560
-0.365964340372191170
-0.311743720834468220
-0.256487520069997310
-0.200379293606213540
-0.143605427316256140
-0.086354518263248220
-0.028816748199341775
0.028816748199341775
0.086354518263248220
0.143605427316256140
0.200379293606213540
0.256487520069997310
0.311743720834468220
0.365964340372191170
0.418969263255204560
0.470582412481382330
0.520632334385933150
0.568952768195209350
0.615383198331127310
0.659769387631983010
0.701963889719172900
0.741826538809184250
0.779224915346254040
0.814034785913567930
0.846140515970772890
0.875435454065568890
0.901822286284701620
0.925213359866651430
0.945530975164995850
0.987420637397343540
0.009441655174814068
0.019463118691892850
0.022688989082248777
0.025839493493537400
0.028904163990655710
0.031872819009008971
0.034735596456223358
0.037482986194167733
0.040105861510870942
0.042595509382603813
0.044943659389711170
0.047142511175326272
0.049184760349165316
0.051063622747229781
0.052772856965274055
0.054306785090363574
0.055660311561214204
0.056828940094409537
0.057808788620121405
0.058596602177633794
0.059189763727776484
0.059586302846320063
0.059784902269430729
0.059784902269430729
0.059586302846320063
0.059189763727776484
0.058596602177633794
0.057808788620121405
0.056828940094409537
0.055660311561214204
0.054306785090363574
0.052772856965274055
0.051063622747229781
0.049184760349165316
0.047142511175326272
0.044943659389711170
0.042595509382603813
0.040105861510870942
0.037482986194167733
0.034735596456223358
0.031872819009008971
0.028904163990655710
0.025839493493537400
0.022688989082248777
0.019463118691892850
0.009441655174814068
