56
-0.988293715540161430
-0.949286479561962660
-0.930352880247496290
-0.908543620420655400
-0.883926108327827590
-0.856576433762748610
-0.826579132142881700
-0.794026922893866560
-0.759020422705128930
-0.721667834450188120
-0.682084612694470400
-0.640393106807007010
-0.596722182770663250
-0.551206824855534630
-0.503987718384381720
-0.455210814878459600
-0.405026880927091270
-0.353591032174954580
-0.301062253867220630
-0.247602909434337210
-0.193378238635275260
-0.138555846810376250
-0.083305186822435373
-0.027797035287275437
0.027797035287275437
0.083305186822435373
0.138555846810376250
0.193378238635275260
0.247602909434337210
0.301062253867220630
0.353591032174954580
0.405026880927091270
0.455210814878459600
0.503987718384381720
0.551206824855534630
0.596722182770663250
0.640393106807007010
0.682084612694470400
0.721667834450188120
0.759020422705128930
0.794026922893866560
0.826579132142881700
0.856576433762748610
0.883926108327827590
0.908543620420655400
0.930352880247496290
0.949286479561962660
0.988293715540161430
0.008764889501563369
0.018085936625810348
0.021093875414915725
0.024036618473079648
0.026905067838858335
0.029690356337598114
0.032383874321004549
0.034977296020390417
0.037462605170025073
0.039832119733072907
0.042078515620403899
0.044194849315221621
0.046174579327467088
0.048011586408788616
0.049700192464151506
0.051235178100873302
0.052611798760432274
0.053825799382951671
0.054873427558898770
0.055751445127266500
0.056457138184336890
0.056988325472060945
0.057343365120106606
0.057521159720722255
0.057521159720722255
0.057343365120106606
0.056988325472060945
0.056457138184336890
0.055751445127266500
0.054873427558898770
0.053825799382951671
0.052611798760432274
0.051235178100873302
0.049700192464151506
0.048011586408788616
0.046174579327467088
0.044194849315221621
0.042078515620403899
0.039832119733072907
0.037462605170025073
0.034977296020390417
0.032383874321004549
0.029690356337598114
0.026905067838858335
0.024036618473079648
0.021093875414915725
0.018085936625810348
0.008764889501563369
