57
-0.988696577650222120
-0.951020626447876660
-0.932726961067101620
-0.911649678521391230
-0.887851678882221270
-0.861403983262047030
-0.832385521150439180
-0.800882894547218170
-0.766990119359450160
-0.730808344744523270
-0.692445551199517780
-0.652016228280976940
-0.609641032908715410
-0.565446429269236720
-0.519564311391187640
-0.472131609517975730
-0.423289881451563990
-0.373184890086594500
-0.321966168395378620
-0.269786573161838740
-0.216801828796124030
-0.163170062591264260
-0.109051332808787790
-0.054607151001646828
-0.000000000000000000
0.054607151001646828
0.109051332808787790
0.163170062591264260
0.216801828796124030
0.269786573161838740
0.321966168395378620
0.373184890086594500
0.423289881451563990
0.472131609517975730
0.519564311391187640
0.565446429269236720
0.609641032908715410
0.652016228280976940
0.692445551199517780
0.730808344744523270
0.766990119359450160
0.800882894547218170
0.832385521150439180
0.861403983262047030
0.887851678882221270
0.911649678521391230
0.932726961067101620
0.951020626447876660
0.988696577650222120
0.008453720254227404
0.017451824305730876
0.020358895820575013
0.023205212465360441
0.025982277676994625
0.028681802673953836
0.031295730548821982
0.033816260063854617
0.036235868825799655
0.038547335685660288
0.040743762264449215
0.042818593527444958
0.044765637339656945
0.046579082941349541
0.048253518287090284
0.049783946195849374
0.051165799263553406
0.052394953493363823
0.053467740602873987
0.054380958971412020
0.055131883194737309
0.055718272218578946
0.056138376026728269
0.056390940863710860
0.056475212976444318
0.056390940863710860
0.056138376026728269
0.055718272218578946
0.055131883194737309
0.054380958971412020
0.053467740602873987
0.052394953493363823
0.051165799263553406
0.049783946195849374
0.048253518287090284
0.046579082941349541
0.044765637339656945
0.042818593527444958
0.040743762264449215
0.038547335685660288
0.036235868825799655
0.033816260063854617
0.031295730548821982
0.028681802673953836
0.025982277676994625
0.023205212465360441
0.020358895820575013
0.017451824305730876
0.008453720254227404
