58
-0.989079008248442640
-0.952667557518869000
-0.934982137588259430
-0.914600928564352600
-0.891582692022030220
-0.865993794074807480
-0.837908013339373260
-0.807406327913088080
-0.774576681749652660
-0.739513731020042360
-0.702318571153908170
-0.663098445332125360
-0.621966435263079150
-0.579041135130224930
-0.534446309648847650
-0.488310537216718470
-0.440766839186839570
-0.391952296330753120
-0.342007653597995230
-0.291076914311109160
-0.239306924966153470
-0.186846951835761330
-0.133848250595466840
-0.080463630214142740
-0.026847012365942349
0.026847012365942426
0.080463630214142740
0.133848250595466840
0.186846951835761330
0.239306924966153470
0.291076914311109160
0.342007653597995230
0.391952296330753120
0.440766839186839570
0.488310537216718470
0.534446309648847650
0.579041135130224930
0.621966435263079150
0.663098445332125360
0.702318571153908170
0.739513731020042360
0.774576681749652660
0.807406327913088080
0.837908013339373260
0.865993794074807480
0.891582692022030220
0.914600928564352600
0.934982137588259430
0.952667557518869000
0.989079008248442640
0.008158977525927683
0.016850661573515158
0.019661802315616182
0.022416256924447358
0.025106081630511472
0.027723520078153662
0.030261025067341081
0.032711280073551868
0.035067220239844155
0.037322052698415743
0.039469276132090975
0.041502699506550306
0.043416459913610476
0.045205039471415638
0.046863281231467373
0.048386404045926326
0.049770016351935814
0.051010128833007581
0.052103165920836671
0.053045976104308563
0.053835841015928275
0.054470483269443155
0.054948073026044118
0.055267233270200528
0.055427043779909840
0.055427043779909917
0.055267233270200528
0.054948073026044118
0.054470483269443155
0.053835841015928275
0.053045976104308563
0.052103165920836671
0.051010128833007581
0.049770016351935814
0.048386404045926326
0.046863281231467373
0.045205039471415638
0.043416459913610476
0.041502699506550306
0.039469276132090975
0.037322052698415743
0.035067220239844155
0.032711280073551868
0.030261025067341081
0.027723520078153662
0.025106081630511472
0.022416256924447358
0.019661802315616182
0.016850661573515158
0.008158977525927683
