59
-0.968680221681781580
-0.954233009376951100
-0.937126190353453790
-0.917407438788155230
-0.895131711743472060
-0.870361094292882330
-0.843164625816872130
-0.813618107288211600
-0.781803889862360930
-0.747810645278640160
-0.711733118677197800
-0.673671864504937320
-0.633732966238850000
-0.592027740704030190
-0.548672427808396310
-0.503787866557718010
-0.457499158253266700
-0.409935317810418920
-0.361228914169794860
-0.311515700803013720
-0.260934237342811740
-0.209625503392036560
-0.157732505587857950
-0.105399879016344150
-0.052773484088310008
-0.000000000000000000
0.052773484088310008
0.105399879016344150
0.157732505587857950
0.209625503392036560
0.260934237342811740
0.311515700803013720
0.361228914169794860
0.409935317810418920
0.457499158253266700
0.503787866557718010
0.548672427808396310
0.592027740704030190
0.633732966238850000
0.673671864504937320
0.711733118677197800
0.747810645278640160
0.781803889862360930
0.813618107288211600
0.843164625816872130
0.870361094292882330
0.895131711743472060
0.917407438788155230
0.937126190353453790
0.954233009376951100
0.968680221681781580
0.013439255588883068
0.016188960369785305
0.018893552066563422
0.021545487819937370
0.024137374324082660
0.026661986667590766
0.029112287873611160
0.031481448282140778
0.033762864486280367
0.035950177690794151
0.038037291412069484
0.040018388457871354
0.041887947134110426
0.043640756630867826
0.045271931543505027
0.046776925487706900
0.048151543770146306
0.049391955079244251
0.050494702163322379
0.051456711466312172
0.052275301694120369
0.052948191287747380
0.053473504782310687
0.053849778034238530
0.054075962302058349
0.054151427169398907
0.054075962302058349
0.053849778034238530
0.053473504782310687
0.052948191287747380
0.052275301694120369
0.051456711466312172
0.050494702163322379
0.049391955079244251
0.048151543770146306
0.046776925487706900
0.045271931543505027
0.043640756630867826
0.041887947134110426
0.040018388457871354
0.038037291412069484
0.035950177690794151
0.033762864486280367
0.031481448282140778
0.029112287873611160
0.026661986667590766
0.024137374324082660
0.021545487819937370
0.018893552066563422
0.016188960369785305
0.013439255588883068
