61
-0.970674258833182920
-0.922622581382955160
-0.901729162474001140
-0.878483237214880970
-0.852945450847663490
-0.825182428108659940
-0.795266599282359540
-0.763276011172312250
-0.729294123449465200
-0.693409590894491060
-0.655716032095070790
-0.616311785197921620
-0.575299651350830610
-0.532786626502925300
-0.488883622262252130
-0.443705176538531590
-0.397369154725756620
-0.349996442204066780
-0.301710628963030690
-0.252637687169053550
-0.202905642518058480
-0.152644240230815300
-0.101984606562274070
-0.051058906707974347
-0.000000000000000000
0.051058906707974347
0.101984606562274070
0.152644240230815300
0.202905642518058480
0.252637687169053550
0.301710628963030690
0.349996442204066780
0.397369154725756620
0.443705176538531590
0.488883622262252130
0.532786626502925300
0.575299651350830610
0.616311785197921620
0.655716032095070790
0.693409590894491060
0.729294123449465200
0.763276011172312250
0.795266599282359540
0.825182428108659940
0.852945450847663490
0.878483237214880970
0.901729162474001140
0.922622581382955160
0.970674258833182920
0.012993844331628458
0.020855003499270188
0.023375578798756354
0.025835170876987654
0.028227362524434543
0.030545912563167736
0.032784772033540147
0.034938099930500593
0.037000278419761820
0.038965927482271283
0.040829918943511040
0.042587389848529923
0.044233755146565398
0.045764719651513720
0.047176289246687458
0.048464781304428370
0.049626834293275732
0.050659416547555715
0.051559834176470212
0.052325738092023816
0.052955130137438113
0.053446368300050173
0.053798170995093576
0.054009620409175181
0.054080164894725738
0.054009620409175181
0.053798170995093576
0.053446368300050173
0.052955130137438113
0.052325738092023816
0.051559834176470212
0.050659416547555715
0.049626834293275732
0.048464781304428370
0.047176289246687458
0.045764719651513720
0.044233755146565398
0.042587389848529923
0.040829918943511040
0.038965927482271283
0.037000278419761820
0.034938099930500593
0.032784772033540147
0.030545912563167736
0.028227362524434543
0.025835170876987654
0.023375578798756354
0.020855003499270188
0.012993844331628458
