65
-0.948020928168407550
-0.931678628228749250
-0.913193440542846350
-0.892607880504738830
-0.869969294926407070
-0.845329752899930400
-0.818745925922651500
-0.790278957492121630
-0.759994322441999830
-0.727961676329424770
-0.694254695213991630
-0.658950906193625170
-0.622131509085400270
-0.583881189660487410
-0.544287924862227210
-0.503442780455006790
-0.461439701569145040
-0.418375296623409000
-0.374348615122065960
-0.329460919837486380
-0.283815453902248720
-0.237517203346416790
-0.190672655626142770
-0.143389554698975190
-0.095776653209197510
-0.047943462353171859
-0.000000000000000000
0.047943462353171873
0.095776653209197510
0.143389554698975190
0.190672655626142770
0.237517203346416790
0.283815453902248720
0.329460919837486380
0.374348615122065960
0.418375296623409000
0.461439701569145040
0.503442780455006790
0.544287924862227210
0.583881189660487410
0.622131509085400270
0.658950906193625170
0.694254695213991630
0.727961676329424770
0.759994322441999830
0.790278957492121850
0.818745925922651500
0.845329752899930400
0.869969294926407070
0.892607880504738830
0.913193440542846350
0.931678628228749250
0.948020928168407550
0.015969043411027645
0.018232342174284485
0.020453707553663821
0.022628029615544849
0.024750306988606023
0.026815658172780265
0.028819332683396218
0.030756721938496136
0.032623369839265233
0.034414983008916454
0.036127440661888978
0.037756804078488984
0.039299325662094958
0.040751457557528466
0.042109859810458346
0.043371408048896554
0.044533200669017607
0.045592565508710742
0.046547065993481448
0.047394506740539417
0.048132938608171055
0.048760663178771160
0.049276236665217327
0.049678473231597041
0.049966447720647233
0.050139497781631223
0.050197225393756838
0.050139497781631182
0.049966447720647233
0.049678473231597041
0.049276236665217327
0.048760663178771160
0.048132938608171055
0.047394506740539417
0.046547065993481448
0.045592565508710742
0.044533200669017607
0.043371408048896554
0.042109859810458346
0.040751457557528466
0.039299325662094958
0.037756804078488984
0.036127440661888978
0.034414983008916454
0.032623369839265233
0.030756721938496136
0.028819332683396218
0.026815658172780265
0.024750306988606023
0.022628029615544849
0.020453707553663821
0.018232342174284485
0.015969043411027645
