71
-0.926978212250871400
-0.909609768984534380
-0.890485535355206580
-0.869642425956307360
-0.847120673391873910
-0.822963750567552670
-0.797218286749318050
-0.769933977541036540
-0.741163488949376780
-0.710962355718544270
-0.679388874129644550
-0.646503989470787580
-0.612371178394682360
-0.577056326390519740
-0.540627600606487400
-0.503155318268290190
-0.464711810947597840
-0.425371284942369530
-0.385209678038527240
-0.344304512929447080
-0.302734747576191340
-0.260580622797318640
-0.217923507382453310
-0.174845741028584860
-0.131430475402266100
-0.087761513634500687
-0.043923148558135325
-0.000000000000000000
0.043923148558135325
0.087761513634500687
0.131430475402266100
0.174845741028584860
0.217923507382453360
0.260580622797318640
0.302734747576191340
0.344304512929447080
0.385209678038527350
0.425371284942369530
0.464711810947597840
0.503155318268290190
0.540627600606487400
0.577056326390519740
0.612371178394682360
0.646503989470787580
0.679388874129644550
0.710962355718544270
0.741163488949376780
0.769933977541036540
0.797218286749318050
0.822963750567552670
0.847120673391873910
0.869642425956307360
0.890485535355206580
0.909609768984534380
0.926978212250871400
0.017623398861126207
0.019519648466949476
0.021378220335665263
0.023195526757849270
0.024968059748846288
0.026692397786759511
0.028365212400242951
0.029983274584539834
0.031543461029444220
0.033042760145307604
0.034478277874524593
0.035847243276797183
0.037147013877130985
0.038375080766088136
0.039529073442369646
0.040606764388324543
0.041606073369521726
0.042525071450066773
0.043361984715899096
0.044115197698873704
0.044783256495013087
0.045364871570906962
0.045858920252838373
0.046264448893831224
0.046580674714435083
0.046806987313691838
0.046942949847367833
0.046988299871177183
0.046942949847367833
0.046806987313691838
0.046580674714435083
0.046264448893831224
0.045858920252838373
0.045364871570906962
0.044783256495013087
0.044115197698873704
0.043361984715899166
0.042525071450066773
0.041606073369521726
0.040606764388324543
0.039529073442369646
0.038375080766088136
0.037147013877130985
0.035847243276797183
0.034478277874524593
0.033042760145307604
0.031543461029444220
0.029983274584539834
0.028365212400242951
0.026692397786759511
0.024968059748846288
0.023195526757849270
0.021378220335665263
0.019519648466949476
0.017623398861126207
