76
-0.993608772723526990
-0.949759207710896500
-0.904107119545566770
-0.885803849292082780
-0.866006913771981910
-0.844749694983342400
-0.822068037328974600
-0.798000187161200140
-0.772586728281809740
-0.745870513503610550
-0.717896592387703650
-0.688712135277640640
-0.658366353758142560
-0.626910417672266630
-0.594397368836792950
-0.560882031601237510
-0.526420920401242660
-0.491072144462193830
-0.454895309813726390
-0.417951418780327270
-0.380302767117504440
-0.342012838966962000
-0.303146199807907800
-0.263768387584994320
-0.223945802196474140
-0.183745593528914450
-0.143235548227267530
-0.102483975391227030
-0.061559591390611207
-0.020531403993998637
0.020531403993998637
0.061559591390611207
0.102483975391227030
0.143235548227267530
0.183745593528914450
0.223945802196474140
0.263768387584994320
0.303146199807907800
0.342012838966962000
0.380302767117504440
0.417951418780327270
0.454895309813726390
0.491072144462193830
0.526420920401242660
0.560882031601237510
0.594397368836792950
0.626910417672266630
0.658366353758142560
0.688712135277640640
0.717896592387703650
0.745870513503610550
0.772586728281809740
0.798000187161200140
0.822068037328974600
0.844749694983342400
0.866006913771981910
0.885803849292082780
0.904107119545566770
0.949759207710896500
0.993608772723526990
0.004975037410180018
0.013814074683993904
0.018861909279308576
0.020484646839495191
0.022072842800179387
0.023623819053919907
0.025134960272834173
0.026603718310905786
0.028027616496451146
0.029404253805872634
0.030731308910845648
0.032006544091686129
0.033227809010070275
0.034393044334612835
0.035500285213112090
0.036547664585564500
0.037533416332331516
0.038455878252132605
0.039313494864834264
0.040104820034297876
0.040828519406860622
0.041483372661334734
0.042068275566727334
0.042582241844211471
0.043024404830204158
0.043394018937750717
0.043690460913747217
0.043913230889881666
0.044061953225522532
0.044136377141130938
0.044136377141130938
0.044061953225522532
0.043913230889881666
0.043690460913747217
0.043394018937750717
0.043024404830204158
0.042582241844211471
0.042068275566727334
0.041483372661334734
0.040828519406860622
0.040104820034297876
0.039313494864834264
0.038455878252132605
0.037533416332331516
0.036547664585564500
0.035500285213112090
0.034393044334612835
0.033227809010070275
0.032006544091686129
0.030731308910845648
0.029404253805872634
0.028027616496451146
0.026603718310905786
0.025134960272834173
0.023623819053919907
0.022072842800179387
0.020484646839495191
0.018861909279308576
0.013814074683993904
0.004975037410180018
