77
-0.993772470949878310
-0.951036743600591980
-0.906526725321257890
-0.888676200825563980
-0.869365584067734120
-0.848626602229624050
-0.826493329329002210
-0.803002130222925330
-0.778191600852543130
-0.752102504825215900
-0.724777706436911640
-0.696262100244242180
-0.666602537301451470
-0.635847748183312470
-0.604048262920257480
-0.571256327977198270
-0.537525820412377840
-0.502912159357251420
-0.467472214962811770
-0.431264214961935570
-0.394347649001263510
-0.356783170899781070
-0.318632498994687260
-0.279958314738276150
-0.240824159712432210
-0.201294331229944330
-0.161433776694160920
-0.121307986890552580
-0.080982888385503132
-0.040524735209115911
-0.000000000000000000
0.040524735209116064
0.080982888385503132
0.121307986890552580
0.161433776694160920
0.201294331229944330
0.240824159712432210
0.279958314738276150
0.318632498994687260
0.356783170899781070
0.394347649001263510
0.431264214961935680
0.467472214962811770
0.502912159357251420
0.537525820412377840
0.571256327977198270
0.604048262920257480
0.635847748183312470
0.666602537301451470
0.696262100244242180
0.724777706436911640
0.752102504825215900
0.778191600852543130
0.803002130222925330
0.826493329329002210
0.848626602229624050
0.869365584067734120
0.888676200825563980
0.906526725321257890
0.951036743600591980
0.993772470949878310
0.004838577719062952
0.013440292937596177
0.018359031008506541
0.019941831897186575
0.021491868553434570
0.023006594222713748
0.024483520184539954
0.025920219833930325
0.027314332664143178
0.028663568142578005
0.029965709472672613
0.031218617235203337
0.032420232902779587
0.033568582221629249
0.034661778455048482
0.035698025483136858
0.036675620753703495
0.037592958079474215
0.038448530276995095
0.039240931642889561
0.039968860263393899
0.040631120153376499
0.041226623221320542
0.041754391057043046
0.042213556539210668
0.042603365260010240
0.042923176764633635
0.043172465603538580
0.043350822195758039
0.043457953501838946
0.043493683505302388
0.043457953501838911
0.043350822195758039
0.043172465603538580
0.042923176764633635
0.042603365260010240
0.042213556539210668
0.041754391057043046
0.041226623221320542
0.040631120153376499
0.039968860263393899
0.039240931642889575
0.038448530276995095
0.037592958079474215
0.036675620753703495
0.035698025483136858
0.034661778455048482
0.033568582221629249
0.032420232902779587
0.031218617235203337
0.029965709472672613
0.028663568142578005
0.027314332664143178
0.025920219833930325
0.024483520184539954
0.023006594222713748
0.021491868553434570
0.019941831897186575
0.018359031008506541
0.013440292937596177
0.004838577719062952
