78
-0.993929961694488770
-0.952266294689863460
-0.908856381573188270
-0.891442224458818490
-0.872600503472724440
-0.852361391822557660
-0.830757300545911240
-0.807822826594201790
-0.783594697421142740
-0.758111712162315320
-0.731414679498830320
-0.703546352303923820
-0.674551359176750690
-0.644476132972792830
-0.613368836445184810
-0.581279285115951840
-0.548258867500612590
-0.514360462813864050
-0.479638356288107250
-0.444148152240408600
-0.407946685027098410
-0.371091928028596250
-0.333642900810210530
-0.295659574607580190
-0.257202776288112390
-0.218334090942211960
-0.179115763260289160
-0.139610597853483620
-0.099881858677728419
-0.059993167722217702
-0.020008403124517925
0.020008403124517925
0.059993167722217702
0.099881858677728419
0.139610597853483620
0.179115763260289160
0.218334090942211960
0.257202776288112390
0.295659574607580190
0.333642900810210530
0.371091928028596250
0.407946685027098410
0.444148152240408600
0.479638356288107250
0.514360462813864050
0.548258867500612590
0.581279285115951840
0.613368836445184810
0.644476132972792830
0.674551359176750690
0.703546352303923820
0.731414679498830320
0.758111712162315320
0.783594697421142740
0.807822826594201790
0.830757300545911240
0.852361391822557660
0.872600503472724440
0.891442224458818490
0.908856381573188270
0.952266294689863460
0.993929961694488770
0.004707766135870200
0.013081728771519153
0.017876253966091875
0.019420547736221629
0.020933741393008340
0.022413411646330660
0.023857188908469409
0.025262761081480397
0.026627877255758707
0.027950351312326007
0.029228065422300845
0.030458973437544057
0.031641104166829602
0.032772564532170922
0.033851542600175887
0.034876310483532270
0.035845227107951100
0.036756740840120296
0.037609391972448898
0.038401815060616726
0.039132741110179912
0.039800999608729251
0.040405520400343606
0.040945335399335599
0.041419580140543720
0.041827495163688798
0.042168427229574944
0.042441830366189287
0.042647266743023604
0.042784407372218503
0.042853032635405519
0.042853032635405519
0.042784407372218503
0.042647266743023604
0.042441830366189287
0.042168427229574944
0.041827495163688798
0.041419580140543720
0.040945335399335599
0.040405520400343606
0.039800999608729251
0.039132741110179912
0.038401815060616726
0.037609391972448898
0.036756740840120296
0.035845227107951100
0.034876310483532270
0.033851542600175887
0.032772564532170922
0.031641104166829602
0.030458973437544057
0.029228065422300845
0.027950351312326007
0.026627877255758707
0.025262761081480397
0.023857188908469409
0.022413411646330660
0.020933741393008340
0.019420547736221629
0.017876253966091875
0.013081728771519153
0.004707766135870200
