80
-0.994227540965688220
-0.928459877172445710
-0.913263102571757690
-0.896675579438770630
-0.838831473580255340
-0.816954138681463380
-0.793832717504605380
-0.769502420135041330
-0.744000297583597310
-0.717365185362099920
-0.689637644342027570
-0.660859898986119850
-0.631075773046871900
-0.600330622829751800
-0.568671268122709740
-0.536145920897131980
-0.502804111888784930
-0.468696615170544510
-0.433875370831756090
-0.398393405881969250
-0.362304753499487320
-0.325664370747701940
-0.288528054884511830
-0.250952358392272150
-0.212994502857666080
-0.174712291832646800
-0.136164022809143860
-0.097408398441584609
-0.058504437152420666
-0.019511383256793996
0.019511383256793996
0.058504437152420666
0.097408398441584609
0.136164022809143860
0.174712291832646800
0.212994502857666190
0.250952358392272150
0.288528054884511830
0.325664370747701940
0.362304753499487320
0.398393405881969250
0.433875370831756090
0.468696615170544510
0.502804111888784930
0.536145920897131980
0.568671268122709740
0.600330622829751800
0.631075773046871900
0.660859898986119850
0.689637644342027570
0.717365185362099920
0.744000297583597310
0.769502420135041330
0.793832717504605380
0.816954138681463380
0.838831473580255340
0.896675579438770630
0.913263102571757690
0.928459877172445710
0.994227540965688220
0.004638650390392121
0.016082603078965446
0.017639070564068039
0.019168676870479427
0.023573260446288491
0.024972589981421010
0.026333890413728217
0.027655088698699315
0.028934172863332764
0.030169195069186097
0.031358274578070645
0.032499600615752369
0.033591435129227638
0.034632115433331098
0.035620056742620601
0.036553754584666885
0.037431787091060986
0.038252817162645385
0.039015594505666058
0.039718957535741686
0.040361835146749604
0.040943248341930256
0.041462311724729452
0.041918234847103678
0.042310323413236393
0.042637980336832693
0.042900706650378616
0.043098102264985734
0.043229866579656918
0.043295798939052270
0.043295798939052270
0.043229866579656918
0.043098102264985734
0.042900706650378616
0.042637980336832693
0.042310323413236435
0.041918234847103678
0.041462311724729452
0.040943248341930256
0.040361835146749604
0.039718957535741686
0.039015594505666058
0.038252817162645385
0.037431787091060986
0.036553754584666885
0.035620056742620601
0.034632115433331098
0.033591435129227638
0.032499600615752369
0.031358274578070645
0.030169195069186097
0.028934172863332764
0.027655088698699315
0.026333890413728217
0.024972589981421010
0.023573260446288491
0.019168676870479427
0.017639070564068039
0.016082603078965446
0.004638650390392121
