81
-0.994368193285219970
-0.930184074915167520
-0.881620597846720200
-0.862779060069791990
-0.842655692736467010
-0.821280393060910270
-0.798684918265028190
-0.774902838392423470
-0.749969486430620780
-0.723921905815052560
-0.696798795392435720
-0.668640451925090140
-0.639488710221494560
-0.609386880981936500
-0.578379686451551360
-0.546513193976311260
-0.513834747560658170
-0.480392897528448270
-0.446237328391699050
-0.411418785034297520
-0.375988997320331310
-0.340000603239048350
-0.303507070700626210
-0.266562618098935330
-0.229222133759316050
-0.191541094391042830
-0.153575482665630650
-0.115381704043436700
-0.077016502972127171
-0.038536878581511988
-0.000000000000000000
0.038536878581511988
0.077016502972127171
0.115381704043436700
0.153575482665630650
0.191541094391042830
0.229222133759316100
0.266562618098935330
0.303507070700626210
0.340000603239048350
0.375988997320331310
0.411418785034297520
0.446237328391699050
0.480392897528448270
0.513834747560658170
0.546513193976311260
0.578379686451551360
0.609386880981936500
0.639488710221494560
0.668640451925090140
0.696798795392435720
0.723921905815052560
0.749969486430620780
0.774902838392423470
0.798684918265028190
0.821280393060910270
0.842655692736467010
0.862779060069791990
0.881620597846720200
0.930184074915167520
0.994368193285219970
0.004487674545195115
0.015567675549074752
0.020015901321194116
0.021442065994036759
0.022836374278175753
0.024196754633507449
0.025521185932643742
0.026807700461468905
0.028054386841234420
0.029259392867466677
0.030420928261260440
0.031537267328752651
0.032606751524756658
0.033627791916705493
0.034598871545221052
0.035518547677782779
0.036385453952140732
0.037198302406278826
0.037955885391910457
0.038657077368658851
0.039300836576254834
0.039886206582267499
0.040412317703065026
0.040878388295896136
0.041283725920169975
0.041627728366210245
0.041909884549954327
0.042129775272267821
0.042287073841745799
0.042381546560077615
0.042413053069250056
0.042381546560077615
0.042287073841745799
0.042129775272267821
0.041909884549954327
0.041627728366210245
0.041283725920170038
0.040878388295896136
0.040412317703065026
0.039886206582267499
0.039300836576254834
0.038657077368658851
0.037955885391910457
0.037198302406278826
0.036385453952140732
0.035518547677782779
0.034598871545221052
0.033627791916705493
0.032606751524756658
0.031537267328752651
0.030420928261260440
0.029259392867466677
0.028054386841234420
0.026807700461468905
0.025521185932643742
0.024196754633507449
0.022836374278175753
0.021442065994036759
0.020015901321194116
0.015567675549074752
0.004487674545195115
