85
-0.984790957685580450
-0.977747288412243340
-0.948743756254578850
-0.908223771539091950
-0.892238987891355920
-0.875049723769097070
-0.856679183809956110
-0.837152167337082750
-0.816495034874791690
-0.794735672559116590
-0.771903454490292960
-0.748029203077434040
-0.723145147428601030
-0.697284879842249520
-0.670483310458662720
-0.642776620132514690
-0.614202211590137100
-0.584798658937388140
-0.554605655586269510
-0.523663960670567970
-0.492015344022851300
-0.459702529787088700
-0.426769138743009700
-0.393259629420059210
-0.359219238080438100
-0.324693917652247530
-0.289730275695173730
-0.254375511482453520
-0.218677352284058990
-0.182683988937112680
-0.146444010790511000
-0.110006340111577230
-0.073420166043291130
-0.036734878201249668
-0.000000000000000000
0.036734878201249668
0.073420166043291130
0.110006340111577230
0.146444010790511000
0.182683988937112680
0.218677352284058990
0.254375511482453520
0.289730275695173730
0.324693917652247530
0.359219238080438100
0.393259629420059210
0.426769138743009700
0.459702529787088700
0.492015344022851300
0.523663960670567970
0.554605655586269510
0.584798658937388140
0.614202211590137100
0.642776620132514690
0.670483310458662720
0.697284879842249520
0.723145147428601030
0.748029203077434040
0.771903454490292960
0.794735672559116590
0.816495034874791690
0.837152167337082750
0.856679183809956110
0.875049723769097070
0.892238987891355920
0.908223771539091950
0.948743756254578850
0.977747288412243340
0.984790957685580450
0.006776802940555735
0.008184077877109055
0.012332109409441121
0.016330451916182185
0.017621515040247952
0.018888790025217889
0.020130566084912708
0.021345166864175463
0.022530952698489488
0.023686322825493752
0.024809717544766373
0.025899620322623926
0.026954559838911468
0.027973111972916246
0.028953901725664710
0.029895605075971509
0.030796950767711759
0.031656722025892182
0.032473758199192362
0.033246956326756207
0.033975272627112009
0.034657723907210156
0.035293388889673531
0.035881409456468588
0.036420991807315839
0.036911407531277501
0.037351994590072844
0.037742158211795288
0.038081371693823224
0.038369177113842363
0.038605185948016950
0.038789079595477574
0.038920609808416329
0.038999599027209168
0.039025940620112123
0.038999599027209168
0.038920609808416329
0.038789079595477574
0.038605185948016950
0.038369177113842363
0.038081371693823224
0.037742158211795288
0.037351994590072844
0.036911407531277501
0.036420991807315839
0.035881409456468588
0.035293388889673531
0.034657723907210156
0.033975272627112009
0.033246956326756207
0.032473758199192362
0.031656722025892182
0.030796950767711759
0.029895605075971509
0.028953901725664710
0.027973111972916246
0.026954559838911468
0.025899620322623926
0.024809717544766373
0.023686322825493752
0.022530952698489488
0.021345166864175463
0.020130566084912708
0.018888790025217889
0.017621515040247952
0.016330451916182185
0.012332109409441121
0.008184077877109055
0.006776802940555735
