86
-0.985139706732502510
-0.960631520942898390
-0.949912070852210190
-0.910301348046165910
-0.894671699739446380
-0.840792941514433070
-0.820582378766160140
-0.799289530253661780
-0.776942479611023360
-0.753570700888808840
-0.729205019678928370
-0.703877572457267680
-0.677621764197588570
-0.650472224312526270
-0.622464760979750900
-0.593636313913498140
-0.564024905643741410
-0.533669591367248670
-0.502610407436657300
-0.470888318555497840
-0.438545163748809030
-0.405623601180600370
-0.372167051890939570
-0.338219642526872640
-0.303826147142705730
-0.269031928146410300
-0.233882876470037470
-0.198425351043051420
-0.162706117648411700
-0.126772287242048250
-0.090671253817080161
-0.054450631894731205
-0.018158193724385818
0.018158193724385818
0.054450631894731205
0.090671253817080161
0.126772287242048250
0.162706117648411700
0.198425351043051420
0.233882876470037470
0.269031928146410300
0.303826147142705730
0.338219642526872640
0.372167051890939570
0.405623601180600370
0.438545163748809140
0.470888318555497840
0.502610407436657300
0.533669591367248670
0.564024905643741410
0.593636313913498140
0.622464760979750900
0.650472224312526270
0.677621764197588570
0.703877572457267680
0.729205019678928370
0.753570700888808840
0.776942479611023360
0.799289530253661780
0.820582378766160140
0.840792941514433070
0.894671699739446380
0.910301348046165910
0.949912070852210190
0.960631520942898390
0.985139706732502510
0.006855140057486213
0.011092511182774442
0.012478179643860020
0.016529241286817275
0.017838343174490713
0.021617735668223999
0.022822689885247289
0.023997542727887920
0.025140744649373523
0.026250787849549245
0.027326208263087608
0.028365587490177077
0.029367554667081689
0.030330788274070573
0.031254017878306596
0.032136025809384662
0.032975648765299272
0.033771779346716733
0.034523367517526049
0.035229421989737754
0.035889011530904076
0.036501266192332633
0.037065378456474979
0.037580604301974949
0.038046264184970729
0.038461743935358762
0.038826495566834228
0.039140037999640886
0.039401957695077018
0.039611909200920392
0.039769615607052555
0.039874868910680955
0.039927530290678852
0.039927530290678852
0.039874868910680955
0.039769615607052555
0.039611909200920392
0.039401957695077018
0.039140037999640886
0.038826495566834228
0.038461743935358762
0.038046264184970729
0.037580604301974949
0.037065378456474979
0.036501266192332633
0.035889011530904014
0.035229421989737754
0.034523367517526049
0.033771779346716733
0.032975648765299272
0.032136025809384662
0.031254017878306596
0.030330788274070573
0.029367554667081689
0.028365587490177077
0.027326208263087608
0.026250787849549245
0.025140744649373523
0.023997542727887920
0.022822689885247289
0.021617735668223999
0.017838343174490713
0.016529241286817275
0.012478179643860020
0.011092511182774442
0.006855140057486213
