87
-0.985476606068420360
-0.961520436936073250
-0.951041001389313580
-0.912309529094122770
-0.863003837629706670
-0.844314144397035230
-0.824536170255780520
-0.803695408058177740
-0.781818720545437660
-0.758934305721349340
-0.735071660505313810
-0.710261542711472900
-0.684535931402823650
-0.657927985671349360
-0.630472001897250500
-0.602203369542335220
-0.573158525534530390
-0.543374907302293320
-0.512890904519452300
-0.481745809622666780
-0.449979767165284430
-0.417633722072869080
-0.384749366867096820
-0.351369087926041270
-0.317535910850115680
-0.283293445004091930
-0.248685827306677150
-0.213757665340101600
-0.178553979853044220
-0.143120146731008150
-0.107501838508942770
-0.071744965501499447
-0.035895616626800894
-0.000000000000000000
0.035895616626800894
0.071744965501499447
0.107501838508942770
0.143120146731008150
0.178553979853044220
0.213757665340101600
0.248685827306677150
0.283293445004091930
0.317535910850115680
0.351369087926041270
0.384749366867096820
0.417633722072869080
0.449979767165284430
0.481745809622666780
0.512890904519452300
0.543374907302293320
0.573158525534530390
0.602203369542335220
0.630472001897250500
0.657927985671349360
0.684535931402823650
0.710261542711472900
0.735071660505313810
0.758934305721349340
0.781818720545437660
0.803695408058177740
0.824536170255780520
0.844314144397035230
0.863003837629706670
0.912309529094122770
0.951041001389313580
0.961520436936073250
0.985476606068420360
0.006668768848241186
0.010792974891478150
0.012142238493337947
0.016089273479668691
0.019849825207280618
0.021054295866374900
0.022231628560639233
0.023380305756826709
0.024498846859399438
0.025585810118235568
0.026639794486525020
0.027659441426358369
0.028643436659622549
0.029590511861909686
0.030499446297235739
0.031369068391446764
0.032198257242276214
0.032985944064101679
0.033731113565534772
0.034432805258065226
0.035090114694071771
0.035702194632602151
0.036268256131418659
0.036787569563901182
0.037259465559497176
0.037683335866504672
0.038058634136077227
0.038384876626439406
0.038661642826405454
0.038888575997396861
0.039065383633260682
0.039191837837294900
0.039267775615996245
0.039293099089150775
0.039267775615996245
0.039191837837294900
0.039065383633260682
0.038888575997396861
0.038661642826405454
0.038384876626439406
0.038058634136077227
0.037683335866504672
0.037259465559497176
0.036787569563901182
0.036268256131418659
0.035702194632602151
0.035090114694071771
0.034432805258065226
0.033731113565534772
0.032985944064101679
0.032198257242276214
0.031369068391446764
0.030499446297235739
0.029590511861909686
0.028643436659622549
0.027659441426358369
0.026639794486525020
0.025585810118235568
0.024498846859399438
0.023380305756826709
0.022231628560639233
0.021054295866374900
0.019849825207280618
0.016089273479668691
0.012142238493337947
0.010792974891478150
0.006668768848241186
