88
-0.985802186087763490
-0.962379646063770580
-0.928052978394692030
-0.883211104059450580
-0.866011586613781410
-0.847720902098209050
-0.828362096590456340
-0.807959561999236580
-0.786539005328287240
-0.764127416284206880
-0.740753033268607860
-0.716445307797250570
-0.691234867390880360
-0.665153476984453150
-0.638233998903326550
-0.610510351456819090
-0.582017466201287360
-0.552791243926555430
-0.522868509421143820
-0.492286965073286730
-0.461085143366196550
-0.429302358327424360
-0.396978655993491030
-0.364154763952198260
-0.330872040026196300
-0.297172420162464260
-0.263098365593362640
-0.228692809335831300
-0.193999102096146790
-0.159060957648394230
-0.123922397755478920
-0.088627696702076070
-0.053221325509403575
-0.017747895902112093
0.017747895902112093
0.053221325509403575
0.088627696702076070
0.123922397755479200
0.159060957648394230
0.193999102096146790
0.228692809335831300
0.263098365593362640
0.297172420162464260
0.330872040026196300
0.364154763952198260
0.396978655993491030
0.429302358327424360
0.461085143366196550
0.492286965073286730
0.522868509421143820
0.552791243926555430
0.582017466201287360
0.610510351456819090
0.638233998903326550
0.665153476984453150
0.691234867390880360
0.716445307797250570
0.740753033268607860
0.764127416284206880
0.786539005328287240
0.807959561999236580
0.828362096590456340
0.847720902098209050
0.866011586613781410
0.883211104059450580
0.928052978394692030
0.962379646063770580
0.985802186087763490
0.006473362193163116
0.010478632119986911
0.014365186533766389
0.018088979523768922
0.019286719479369500
0.020460158369519935
0.021607817661204783
0.022728251306663397
0.023820047564280526
0.024881830776679211
0.025912263103598263
0.026910046207274954
0.027873922888148450
0.028802678668792769
0.029695143324057531
0.030550192355479767
0.031366748408096973
0.032143782627873430
0.032880315958022835
0.033575420372594957
0.034228220045766276
0.034837892455363582
0.035403669419227235
0.035924838063107978
0.036400741718878096
0.036830780751924044
0.037214413316678095
0.037551156039336960
0.037840584626907238
0.038082334401808908
0.038276100761365554
0.038421639561600177
0.038518767424853703
0.038567361970839098
0.038567361970839098
0.038518767424853703
0.038421639561600177
0.038276100761365596
0.038082334401808908
0.037840584626907238
0.037551156039336960
0.037214413316678095
0.036830780751924044
0.036400741718878096
0.035924838063107978
0.035403669419227235
0.034837892455363582
0.034228220045766276
0.033575420372594957
0.032880315958022835
0.032143782627873430
0.031366748408096973
0.030550192355479767
0.029695143324057531
0.028802678668792769
0.027873922888148450
0.026910046207274954
0.025912263103598263
0.024881830776679211
0.023820047564280526
0.022728251306663397
0.021607817661204783
0.020460158369519935
0.019286719479369500
0.018088979523768922
0.014365186533766389
0.010478632119986911
0.006473362193163116
