90
-0.931161187500431970
-0.888218600434745880
-0.871739618862903410
-0.854210259067071930
-0.835651642533377090
-0.816086130929481120
-0.795537299158248110
-0.774029906950334250
-0.751589869029638540
-0.728244223887390300
-0.704021101202391140
-0.678949687946597050
-0.653060193216842280
-0.626383811835045100
-0.598952686760742200
-0.570799870361220930
-0.541959284585913360
-0.512465680093028060
-0.482354594377665700
-0.451662308951869320
-0.420425805628197760
-0.388682721959498160
-0.356471305888567790
-0.323830369662346020
-0.290799243066166670
-0.257417726034420150
-0.223726040694722850
-0.189764782903379000
-0.155574873330529110
-0.121197508153924080
-0.086674109420734780
-0.052046275137206943
-0.017355729146299653
0.017355729146299653
0.052046275137206943
0.086674109420734780
0.121197508153924080
0.155574873330529110
0.189764782903379000
0.223726040694722850
0.257417726034420150
0.290799243066166670
0.323830369662346020
0.356471305888567790
0.388682721959498160
0.420425805628197760
0.451662308951869320
0.482354594377665700
0.512465680093028060
0.541959284585913360
0.570799870361220930
0.598952686760742200
0.626383811835045100
0.653060193216842280
0.678949687946597050
0.704021101202391140
0.728244223887390300
0.751589869029638540
0.774029906950334250
0.795537299158248110
0.816086130929481120
0.835651642533377090
0.854210259067071930
0.871739618862903410
0.888218600434745880
0.931161187500431970
0.013926084287021285
0.017548192622615751
0.018715190533326636
0.019859638132135704
0.020980156439101047
0.022075395310292900
0.023144035063530577
0.024184788067828724
0.025196400294467826
0.026177652827725540
0.027127363333390400
0.028044387483258524
0.028927620333872524
0.029775997657832762
0.030588497226064187
0.031364140039492061
0.032101991508636386
0.032801162579702128
0.033460810805807532
0.034080141362056872
0.034658408003235448
0.035194913962971489
0.035689012793280142
0.036140109143480391
0.036547659477542904
0.036911172729007242
0.037230210892676044
0.037504389552376532
0.037733378344150796
0.037916901354317960
0.038054737451927625
0.038146720555205509
0.038192739831668369
0.038192739831668369
0.038146720555205509
0.038054737451927625
0.037916901354317960
0.037733378344150796
0.037504389552376532
0.037230210892676044
0.036911172729007242
0.036547659477542904
0.036140109143480391
0.035689012793280142
0.035194913962971489
0.034658408003235448
0.034080141362056872
0.033460810805807532
0.032801162579702128
0.032101991508636386
0.031364140039492061
0.030588497226064187
0.029775997657832762
0.028927620333872524
0.028044387483258524
0.027127363333390400
0.026177652827725540
0.025196400294467826
0.024184788067828724
0.023144035063530577
0.022075395310292900
0.020980156439101047
0.019859638132135704
0.018715190533326636
0.017548192622615751
0.013926084287021285
