92
-0.907685062910924990
-0.892912817752776310
-0.842490916773780850
-0.823713181336488850
-0.803985387014566340
-0.783330287551689870
-0.761771706234416260
-0.739334508414088100
-0.716044572827033270
-0.691928761746072980
-0.667014889997724180
-0.641331692880801500
-0.614908793023407620
-0.587776666216520470
-0.559966606263577750
-0.531510688886597920
-0.502441734730456610
-0.472793271507991890
-0.442599495329594190
-0.411895231261881660
-0.380715893160950560
-0.349097442826528210
-0.317076348524138130
-0.284689542923116990
-0.251974380498996230
-0.218968594449380160
-0.185710253173012430
-0.152237716362226990
-0.118589590759425930
-0.084804685628614013
-0.050921967993347916
-0.016980517692728236
0.016980517692728236
0.050921967993347916
0.084804685628614013
0.118589590759425930
0.152237716362226990
0.185710253173012430
0.218968594449380160
0.251974380498996230
0.284689542923116990
0.317076348524138130
0.349097442826528210
0.380715893160950560
0.411895231261881660
0.442599495329594190
0.472793271507991890
0.502441734730456610
0.531510688886597920
0.559966606263577750
0.587776666216520470
0.614908793023407620
0.641331692880801720
0.667014889997724180
0.691928761746072980
0.716044572827033270
0.739334508414088100
0.761771706234416260
0.783330287551689870
0.803985387014566340
0.823713181336488850
0.842490916773780850
0.892912817752776310
0.907685062910924990
0.016174714743849752
0.017353459707461039
0.020764282231304110
0.021855047644310819
0.022920605773406849
0.023959727615895432
0.024971214661206498
0.025953900272968483
0.026906651034408497
0.027828368055495940
0.028717988240301317
0.029574485513095338
0.030396872001767709
0.031184199177193658
0.031935558947230776
0.032650084704082906
0.033326952323820526
0.033965381116903628
0.034564634728610787
0.035124021988334683
0.035642897706763481
0.036120663420029724
0.036556768079967508
0.036950708689681012
0.037302030883692557
0.037610329451999644
0.037875248807437326
0.038096483395806659
0.038273778048295487
0.038406928275786539
0.038495780504711440
0.038540232254179872
0.038540232254179872
0.038495780504711440
0.038406928275786539
0.038273778048295487
0.038096483395806659
0.037875248807437326
0.037610329451999644
0.037302030883692557
0.036950708689681012
0.036556768079967508
0.036120663420029724
0.035642897706763481
0.035124021988334683
0.034564634728610787
0.033965381116903628
0.033326952323820526
0.032650084704082906
0.031935558947230776
0.031184199177193658
0.030396872001767709
0.029574485513095324
0.028717988240301317
0.027828368055495940
0.026906651034408497
0.025953900272968483
0.024971214661206498
0.023959727615895432
0.022920605773406849
0.021855047644310819
0.020764282231304110
0.017353459707461039
0.016174714743849752
