93
-0.909618994265676490
-0.863199506631601830
-0.845753082465261260
-0.827351931257451990
-0.808016825106586680
-0.787769590408075260
-0.766633083214693030
-0.744631163434914530
-0.721788667898239700
-0.698131382317853430
-0.673686012182227900
-0.648480152608499780
-0.622542257191635700
-0.595901605884536110
-0.568588271945331680
-0.540633087989173200
-0.512067611182835500
-0.482924087621421690
-0.453235415927379700
-0.423035110112918940
-0.392357261747749430
-0.361236501474849760
-0.329707959917705630
-0.297807228023147850
-0.265570316884556900
-0.233033617090786460
-0.200233857646696100
-0.167208064511663480
-0.133993518802880740
-0.100627714710617270
-0.067148317172955108
-0.033593119357776563
-0.000000000000000000
0.033593119357776563
0.067148317172955108
0.100627714710617270
0.133993518802880740
0.167208064511663480
0.200233857646696100
0.233033617090786460
0.265570316884556900
0.297807228023148180
0.329707959917705630
0.361236501474849760
0.392357261747749430
0.423035110112918940
0.453235415927379700
0.482924087621421690
0.512067611182835500
0.540633087989173200
0.568588271945331680
0.595901605884536110
0.622542257191635700
0.648480152608499780
0.673686012182227900
0.698131382317853430
0.721788667898239700
0.744631163434914530
0.766633083214693030
0.787769590408075260
0.808016825106586680
0.827351931257451990
0.845753082465261260
0.863199506631601830
0.909618994265676490
0.015761503448713517
0.019154499227411539
0.020243932776489486
0.021310514010059241
0.022353038915019659
0.023370330635497993
0.024361240800934120
0.025324650822151514
0.026259473153898240
0.027164652522401207
0.028039167116526823
0.028882029741193124
0.029692288931721659
0.030469030027866974
0.031211376206307311
0.031918489470429183
0.032589571596285685
0.033223865033662175
0.033820653761227483
0.034379264094809014
0.034899065447875209
0.035379471043369297
0.035819938576089082
0.036219970824864743
0.036579116213845554
0.036896969322258305
0.037173171342065561
0.037407410483004652
0.037599422324550727
0.037748990114407042
0.037855945013185309
0.037920166284999592
0.037941581433757733
0.037920166284999592
0.037855945013185309
0.037748990114407042
0.037599422324550727
0.037407410483004652
0.037173171342065561
0.036896969322258305
0.036579116213845554
0.036219970824864729
0.035819938576089082
0.035379471043369297
0.034899065447875209
0.034379264094809014
0.033820653761227483
0.033223865033662175
0.032589571596285685
0.031918489470429183
0.031211376206307311
0.030469030027866974
0.029692288931721659
0.028882029741193124
0.028039167116526823
0.027164652522401207
0.026259473153898240
0.025324650822151514
0.024361240800934120
0.023370330635497993
0.022353038915019659
0.021310514010059241
0.020243932776489486
0.019154499227411539
0.015761503448713517
