96
-0.975939174585136460
-0.950032717784437650
-0.886894517402420310
-0.871388505909296280
-0.854959033434601560
-0.800308744139140770
-0.780369043867433110
-0.759602341176647490
-0.738030643744400190
-0.715676812348967630
-0.692564536642171550
-0.668718310043916240
-0.644163403784967060
-0.618925840125468470
-0.593032364777572150
-0.566510418561397170
-0.539388108324357460
-0.511694177154667700
-0.483457973920596420
-0.454709422167743020
-0.425478988407300580
-0.395797649828908640
-0.365696861472313620
-0.335208522892625370
-0.304364944354496350
-0.273198812591049170
-0.241743156163839850
-0.210031310460567220
-0.178096882367618610
-0.145973714654896950
-0.113695850110665910
-0.081297495464425551
-0.048812985136049730
-0.016276744849602967
0.016276744849602967
0.048812985136049730
0.081297495464425551
0.113695850110665910
0.145973714654896950
0.178096882367618610
0.210031310460567220
0.241743156163840070
0.273198812591049170
0.304364944354496350
0.335208522892625370
0.365696861472313620
0.395797649828908640
0.425478988407300580
0.454709422167743020
0.483457973920596420
0.511694177154667700
0.539388108324357460
0.566510418561397170
0.593032364777572150
0.618925840125468470
0.644163403784967060
0.668718310043916240
0.692564536642171550
0.715676812348967630
0.738030643744400190
0.759602341176647490
0.780369043867433110
0.800308744139140770
0.854959033434601560
0.871388505909296730
0.886894517402420310
0.950032717784437650
0.975939174585136460
0.008108865906361508
0.011610324089038716
0.017184171653760065
0.018248951744777652
0.019294392383663948
0.022303707890706573
0.023260933957941675
0.024193509066964922
0.025100444912496946
0.025980780360968316
0.026833582469010332
0.027657947472093859
0.028453001742261969
0.029217902713935116
0.029951839776806388
0.030654035134876707
0.031323744630718936
0.031960258534095592
0.032562902294095017
0.033131037253986612
0.033664061328038800
0.034161409639580691
0.034622555119632734
0.035047009065470106
0.035434321658527897
0.035784082441098583
0.036095920751317415
0.036369506115972776
0.036604548600727954
0.036800799117380364
0.036958049687834914
0.037076133664509521
0.037154925906941583
0.037194342914406021
0.037194342914406021
0.037154925906941583
0.037076133664509521
0.036958049687834914
0.036800799117380364
0.036604548600727954
0.036369506115972776
0.036095920751317408
0.035784082441098583
0.035434321658527897
0.035047009065470106
0.034622555119632734
0.034161409639580691
0.033664061328038800
0.033131037253986612
0.032562902294095017
0.031960258534095592
0.031323744630718936
0.030654035134876707
0.029951839776806388
0.029217902713935116
0.028453001742261969
0.027657947472093859
0.026833582469010332
0.025980780360968316
0.025100444912496946
0.024193509066964922
0.023260933957941675
0.022303707890706573
0.019294392383663948
0.018248951744777545
0.017184171653760065
0.011610324089038716
0.008108865906361508
