-5.0000000
-5.0000000
-5.0000000
-5.0000000
-5.0000000
-5.0000000
-5.0000000
-5.0000000
-4.5264568
-4.0747082
-3.6469551
-3.2452816
-2.8716445
-2.5278640
-2.2156152
-1.9364193
-1.6916363
-1.4824590
-1.3099064
-1.1748192
-1.0778555
-1.0194876
-1.0000000
-1.0000000
-1.0000000
-1.0000000
-1.0000000
-1.0000000
-1.0000000
-1.0000000
-1.0000000
-1.0000000
-1.0000000
-1.0000000
-1.0000000
-1.0000000
-1.0000000
-1.0000000
-1.0000000
-1.0000000
-1.0000000
-1.0000000
-1.0000000
-1.0000000
-1.0000000
-1.0000000
-1.0000000
-1.0000000
-1.0000000
-1.0000000
-1.0000000
-1.0000000
-1.0000000
-1.0000000
-1.0000000
-1.0000000
-1.0000000
-1.0000000
-1.0000000
-1.0000000
-1.0000000
-1.0000000
-1.0000000
-1.0000000
-1.0000000
-1.0000000
-1.0000000
-1.0000000
-1.0000000
-1.0000000
-1.0000000
-1.0000000
-1.0000000
-1.0000000
-1.0000000
-1.0000000
-1.0000000
-1.0000000
-1.0000000
-1.0000000
-1.0000000
-1.0000000
-1.0000000
-1.0000000
-1.0000000
-1.0000000
-1.0000000
-1.0000000
-1.0000000
-1.0000000
-1.0000000
-1.0000000
-1.0000000
-1.0000000
-1.0000000
-1.0000000
-1.0000000
-1.0000000
-1.0000000
-1.0000000
-1.0000000
-1.0000000
-1.0000000
-1.3000000
-1.6000000
-1.9000000
-2.2000000
-2.5000000
-2.8000000
-3.1000000
-3.4000000
-3.7000000
-4.0000000
-4.3000000
-4.6000000
-4.9000000
-5.2000000
-5.5000000
-5.8000000
-6.1000000
-6.4000000
-6.7000000
-7.0000000
-7.3000000
-7.6000000
-7.9000000
-8.2000000
-8.5000000
-8.8000000
-9.1000000
-9.4000000
-9.7000000
-10.0000000
-4.8000000
-4.7960196
-4.7909696
-4.7834776
-4.7710029
-4.7478142
-4.6981281
-4.5725493
-4.2238902
-3.8360515
-3.4494133
-3.0784428
-2.7297712
-2.4071982
-2.1132752
-1.8498882
-1.6185243
-1.4204225
-1.2566663
-1.1282456
-1.0361916
-0.9825823
-0.9861140
-0.9861140
-0.9861140
-0.9861140
-0.9861140
-0.9861140
-0.9861140
-0.9861140
-0.9861140
-0.9861140
-0.9861140
-0.9861140
-0.9861140
-0.9861140
-0.9861140
-0.9861140
-0.9861140
-0.9861140
-0.9861140
-0.9861140
-0.9861140
-0.9861140
-0.9861140
-0.9861140
-0.9861140
-0.9861140
-0.9861140
-0.9861140
-0.9861140
-0.9861140
-0.9861140
-0.9861140
-0.9861140
-0.9861140
-0.9861140
-0.9861140
-0.9861140
-0.9861140
-0.9861140
-0.9861140
-0.9861140
-0.9861140
-0.9861140
-0.9861140
-0.9861140
-0.9861140
-0.9861140
-0.9861140
-0.9861140
-0.9861140
-0.9861140
-0.9861140
-0.9861140
-0.9861140
-0.9861140
-0.9861140
-0.9861140
-0.9861140
-0.9861140
-0.9861140
-0.9861140
-0.9861140
-0.9861140
-0.9861140
-0.9861140
-0.9861140
-0.9861140
-0.9861140
-0.9861140
-0.9861140
-0.9861140
-0.9861140
-0.9861140
-0.9861140
-0.9861140
-0.9861140
-0.9861140
-0.9861140
-0.9861140
-0.9861140
-0.9861140
-1.2416723
-1.5150358
-1.7949948
-2.0787549
-2.3651833
-2.6536733
-2.9438474
-3.2354501
-3.5282996
-3.8222628
-4.1172411
-4.4131618
-4.7099733
-5.0076416
-5.3061488
-5.6054926
-5.9056873
-6.2067650
-6.5087795
-6.8118110
-7.1159747
-7.4214329
-7.7284152
-8.0372513
-8.3484263
-8.6626825
-8.9812184
-9.3061283
-9.6415673
-10.0000000
-4.6000000
-4.5922130
-4.5824162
-4.5681054
-4.5449047
-4.5039457
-4.4252258
-4.2644990
-3.9639909
-3.6169655
-3.2628252
-2.9185649
-2.5926174
-2.2897942
-2.0131519
-1.7647891
-1.5462571
-1.3588108
-1.2035735
-1.0816563
-0.9944402
-0.9455977
-0.9666736
-0.9666736
-0.9666736
-0.9666736
-0.9666736
-0.9666736
-0.9666736
-0.9666736
-0.9666736
-0.9666736
-0.9666736
-0.9666736
-0.9666736
-0.9666736
-0.9666736
-0.9666736
-0.9666736
-0.9666736
-0.9666736
-0.9666736
-0.9666736
-0.9666736
-0.9666736
-0.9666736
-0.9666736
-0.9666736
-0.9666736
-0.9666736
-0.9666736
-0.9666736
-0.9666736
-0.9666736
-0.9666736
-0.9666736
-0.9666736
-0.9666736
-0.9666736
-0.9666736
-0.9666736
-0.9666736
-0.9666736
-0.9666736
-0.9666736
-0.9666736
-0.9666736
-0.9666736
-0.9666736
-0.9666736
-0.9666736
-0.9666736
-0.9666736
-0.9666736
-0.9666736
-0.9666736
-0.9666736
-0.9666736
-0.9666736
-0.9666736
-0.9666736
-0.9666736
-0.9666736
-0.9666736
-0.9666736
-0.9666736
-0.9666736
-0.9666736
-0.9666736
-0.9666736
-0.9666736
-0.9666736
-0.9666736
-0.9666736
-0.9666736
-0.9666736
-0.9666736
-0.9666736
-0.9666736
-0.9666736
-0.9666736
-0.9666736
-0.9666736
-1.1922861
-1.4408194
-1.7008109
-1.9679167
-2.2401270
-2.5163248
-2.7958057
-3.0780880
-3.3628261
-3.6497646
-3.9387120
-4.2295257
-4.5221022
-4.8163713
-5.1122930
-5.4098569
-5.7090833
-6.0100269
-6.3127822
-6.6174947
-6.9243756
-7.2337273
-7.5459831
-7.8617738
-8.1820455
-8.5082805
-8.8429546
-9.1906165
-9.5611927
-10.0000000
-4.4000000
-4.3886401
-4.3744746
-4.3541037
-4.3219105
-4.2675317
-4.1710539
-3.9990511
-3.7273839
-3.4114650
-3.0848580
-2.7645201
-2.4595499
-2.1752671
-1.9150064
-1.6809782
-1.4747544
-1.2975846
-1.1506124
-1.0350468
-0.9525924
-0.9084154
-0.9431082
-0.9431082
-0.9431082
-0.9431082
-0.9431082
-0.9431082
-0.9431082
-0.9431082
-0.9431082
-0.9431082
-0.9431082
-0.9431082
-0.9431082
-0.9431082
-0.9431082
-0.9431082
-0.9431082
-0.9431082
-0.9431082
-0.9431082
-0.9431082
-0.9431082
-0.9431082
-0.9431082
-0.9431082
-0.9431082
-0.9431082
-0.9431082
-0.9431082
-0.9431082
-0.9431082
-0.9431082
-0.9431082
-0.9431082
-0.9431082
-0.9431082
-0.9431082
-0.9431082
-0.9431082
-0.9431082
-0.9431082
-0.9431082
-0.9431082
-0.9431082
-0.9431082
-0.9431082
-0.9431082
-0.9431082
-0.9431082
-0.9431082
-0.9431082
-0.9431082
-0.9431082
-0.9431082
-0.9431082
-0.9431082
-0.9431082
-0.9431082
-0.9431082
-0.9431082
-0.9431082
-0.9431082
-0.9431082
-0.9431082
-0.9431082
-0.9431082
-0.9431082
-0.9431082
-0.9431082
-0.9431082
-0.9431082
-0.9431082
-0.9431082
-0.9431082
-0.9431082
-0.9431082
-0.9431082
-0.9431082
-0.9431082
-0.9431082
-0.9431082
-1.1471726
-1.3741135
-1.6150939
-1.8656412
-2.1233260
-2.3866953
-2.6548005
-2.9269806
-3.2027540
-3.4817603
-3.7637266
-4.0484464
-4.3357671
-4.6255822
-4.9178273
-5.2124791
-5.5095568
-5.8091272
-6.1113133
-6.4163083
-6.7243983
-7.0359976
-7.3517071
-7.6724125
-7.9994613
-8.3350025
-8.6827111
-9.0495873
-9.4523346
-10.0000000
-4.2000000
-4.1853531
-4.1672555
-4.1416337
-4.1021131
-4.0379036
-3.9309561
-3.7571310
-3.5067431
-3.2164030
-2.9139729
-2.6154594
-2.3300563
-2.0632923
-1.8186321
-1.5983289
-1.4039450
-1.2367087
-1.0977690
-0.9884125
-0.9106383
-0.8709528
-0.9161822
-0.9161822
-0.9161822
-0.9161822
-0.9161822
-0.9161822
-0.9161822
-0.9161822
-0.9161822
-0.9161822
-0.9161822
-0.9161822
-0.9161822
-0.9161822
-0.9161822
-0.9161822
-0.9161822
-0.9161822
-0.9161822
-0.9161822
-0.9161822
-0.9161822
-0.9161822
-0.9161822
-0.9161822
-0.9161822
-0.9161822
-0.9161822
-0.9161822
-0.9161822
-0.9161822
-0.9161822
-0.9161822
-0.9161822
-0.9161822
-0.9161822
-0.9161822
-0.9161822
-0.9161822
-0.9161822
-0.9161822
-0.9161822
-0.9161822
-0.9161822
-0.9161822
-0.9161822
-0.9161822
-0.9161822
-0.9161822
-0.9161822
-0.9161822
-0.9161822
-0.9161822
-0.9161822
-0.9161822
-0.9161822
-0.9161822
-0.9161822
-0.9161822
-0.9161822
-0.9161822
-0.9161822
-0.9161822
-0.9161822
-0.9161822
-0.9161822
-0.9161822
-0.9161822
-0.9161822
-0.9161822
-0.9161822
-0.9161822
-0.9161822
-0.9161822
-0.9161822
-0.9161822
-0.9161822
-0.9161822
-0.9161822
-0.9161822
-0.9161822
-1.1038105
-1.3122832
-1.5356791
-1.7701677
-2.0133230
-2.2635587
-2.5197859
-2.7812229
-3.0472886
-3.3175412
-3.5916409
-3.8693270
-4.1504033
-4.4347292
-4.7222148
-5.0128204
-5.3065577
-5.6034967
-5.9037755
-6.2076182
-6.5153628
-6.8275056
-7.1447748
-7.4682572
-7.7996280
-8.1416033
-8.4989314
-8.8810162
-9.3130790
-10.0000000
-4.0000000
-3.9823960
-3.9608466
-3.9308038
-3.8855143
-3.8144245
-3.7019169
-3.5307795
-3.2980133
-3.0297254
-2.7490442
-2.4707122
-2.2037112
-1.9535919
-1.7238486
-1.5167291
-1.3337645
-1.1761509
-1.0450304
-0.9417492
-0.8685680
-0.8331515
-0.8864001
-0.8864001
-0.8864001
-0.8864001
-0.8864001
-0.8864001
-0.8864001
-0.8864001
-0.8864001
-0.8864001
-0.8864001
-0.8864001
-0.8864001
-0.8864001
-0.8864001
-0.8864001
-0.8864001
-0.8864001
-0.8864001
-0.8864001
-0.8864001
-0.8864001
-0.8864001
-0.8864001
-0.8864001
-0.8864001
-0.8864001
-0.8864001
-0.8864001
-0.8864001
-0.8864001
-0.8864001
-0.8864001
-0.8864001
-0.8864001
-0.8864001
-0.8864001
-0.8864001
-0.8864001
-0.8864001
-0.8864001
-0.8864001
-0.8864001
-0.8864001
-0.8864001
-0.8864001
-0.8864001
-0.8864001
-0.8864001
-0.8864001
-0.8864001
-0.8864001
-0.8864001
-0.8864001
-0.8864001
-0.8864001
-0.8864001
-0.8864001
-0.8864001
-0.8864001
-0.8864001
-0.8864001
-0.8864001
-0.8864001
-0.8864001
-0.8864001
-0.8864001
-0.8864001
-0.8864001
-0.8864001
-0.8864001
-0.8864001
-0.8864001
-0.8864001
-0.8864001
-0.8864001
-0.8864001
-0.8864001
-0.8864001
-0.8864001
-0.8864001
-1.0607791
-1.2533871
-1.4607311
-1.6799022
-1.9087565
-2.1457510
-2.3897610
-2.6399478
-2.8956712
-3.1564348
-3.4218504
-3.6916149
-3.9654960
-4.2433224
-4.5249801
-4.8104101
-5.0996120
-5.3926501
-5.6896660
-5.9908984
-6.2967151
-6.6076655
-6.9245671
-7.2486570
-7.5818725
-7.9274173
-8.2910522
-8.6848361
-9.1460195
-10.0000000
-3.8000000
-3.7798044
-3.7553132
-3.7216769
-3.6720484
-3.5964926
-3.4818261
-3.3157975
-3.0986167
-2.8499720
-2.5892057
-2.3297334
-2.0801559
-1.8459254
-1.6304972
-1.4360787
-1.2641552
-1.1158819
-0.9923847
-0.8950527
-0.8263724
-0.7949704
-0.8541319
-0.8541319
-0.8541319
-0.8541319
-0.8541319
-0.8541319
-0.8541319
-0.8541319
-0.8541319
-0.8541319
-0.8541319
-0.8541319
-0.8541319
-0.8541319
-0.8541319
-0.8541319
-0.8541319
-0.8541319
-0.8541319
-0.8541319
-0.8541319
-0.8541319
-0.8541319
-0.8541319
-0.8541319
-0.8541319
-0.8541319
-0.8541319
-0.8541319
-0.8541319
-0.8541319
-0.8541319
-0.8541319
-0.8541319
-0.8541319
-0.8541319
-0.8541319
-0.8541319
-0.8541319
-0.8541319
-0.8541319
-0.8541319
-0.8541319
-0.8541319
-0.8541319
-0.8541319
-0.8541319
-0.8541319
-0.8541319
-0.8541319
-0.8541319
-0.8541319
-0.8541319
-0.8541319
-0.8541319
-0.8541319
-0.8541319
-0.8541319
-0.8541319
-0.8541319
-0.8541319
-0.8541319
-0.8541319
-0.8541319
-0.8541319
-0.8541319
-0.8541319
-0.8541319
-0.8541319
-0.8541319
-0.8541319
-0.8541319
-0.8541319
-0.8541319
-0.8541319
-0.8541319
-0.8541319
-0.8541319
-0.8541319
-0.8541319
-0.8541319
-1.0172717
-1.1960522
-1.3887780
-1.5934684
-1.8083998
-2.0321972
-2.2637887
-2.5023377
-2.7471858
-2.9978097
-3.2537922
-3.5148015
-3.7805778
-4.0509250
-4.3257061
-4.6048427
-4.8883178
-5.1761834
-5.4685740
-5.7657283
-6.0680250
-6.3760416
-6.6906527
-7.0132072
-7.3458619
-7.6922776
-8.0592955
-8.4623237
-8.9557634
-10.0000000
-3.6000000
-3.5776058
-3.5506998
-3.5142769
-3.4616024
-3.3835515
-3.2691426
-3.1096345
-2.9067793
-2.6760483
-2.4337680
-2.1920694
-1.9590828
-1.7400828
-1.5384370
-1.3562883
-1.1950647
-1.0558752
-0.9398213
-0.8483196
-0.7840436
-0.7563819
-0.8196677
-0.8196677
-0.8196677
-0.8196677
-0.8196677
-0.8196677
-0.8196677
-0.8196677
-0.8196677
-0.8196677
-0.8196677
-0.8196677
-0.8196677
-0.8196677
-0.8196677
-0.8196677
-0.8196677
-0.8196677
-0.8196677
-0.8196677
-0.8196677
-0.8196677
-0.8196677
-0.8196677
-0.8196677
-0.8196677
-0.8196677
-0.8196677
-0.8196677
-0.8196677
-0.8196677
-0.8196677
-0.8196677
-0.8196677
-0.8196677
-0.8196677
-0.8196677
-0.8196677
-0.8196677
-0.8196677
-0.8196677
-0.8196677
-0.8196677
-0.8196677
-0.8196677
-0.8196677
-0.8196677
-0.8196677
-0.8196677
-0.8196677
-0.8196677
-0.8196677
-0.8196677
-0.8196677
-0.8196677
-0.8196677
-0.8196677
-0.8196677
-0.8196677
-0.8196677
-0.8196677
-0.8196677
-0.8196677
-0.8196677
-0.8196677
-0.8196677
-0.8196677
-0.8196677
-0.8196677
-0.8196677
-0.8196677
-0.8196677
-0.8196677
-0.8196677
-0.8196677
-0.8196677
-0.8196677
-0.8196677
-0.8196677
-0.8196677
-0.8196677
-0.9728404
-1.1393310
-1.3186819
-1.5097212
-1.7111833
-1.9219318
-2.1410112
-2.3676367
-2.6011674
-2.8410799
-3.0869473
-3.3384228
-3.5952293
-3.8571515
-4.1240330
-4.3957758
-4.6723440
-4.9537720
-5.2401785
-5.5317907
-5.8289826
-6.1323403
-6.4427739
-6.7617209
-7.0915437
-7.4363896
-7.8043942
-8.2154651
-8.7471716
-10.0000000
-3.4000000
-3.3758198
-3.3470320
-3.3085963
-3.2540319
-3.1750958
-3.0626997
-2.9105869
-2.7212107
-2.5071030
-2.2821678
-2.0573370
-1.8402255
-1.6358787
-1.4475423
-1.2772768
-1.1264455
-0.9961064
-0.8873302
-0.8015464
-0.7415750
-0.7173687
-0.7832450
-0.7832450
-0.7832450
-0.7832450
-0.7832450
-0.7832450
-0.7832450
-0.7832450
-0.7832450
-0.7832450
-0.7832450
-0.7832450
-0.7832450
-0.7832450
-0.7832450
-0.7832450
-0.7832450
-0.7832450
-0.7832450
-0.7832450
-0.7832450
-0.7832450
-0.7832450
-0.7832450
-0.7832450
-0.7832450
-0.7832450
-0.7832450
-0.7832450
-0.7832450
-0.7832450
-0.7832450
-0.7832450
-0.7832450
-0.7832450
-0.7832450
-0.7832450
-0.7832450
-0.7832450
-0.7832450
-0.7832450
-0.7832450
-0.7832450
-0.7832450
-0.7832450
-0.7832450
-0.7832450
-0.7832450
-0.7832450
-0.7832450
-0.7832450
-0.7832450
-0.7832450
-0.7832450
-0.7832450
-0.7832450
-0.7832450
-0.7832450
-0.7832450
-0.7832450
-0.7832450
-0.7832450
-0.7832450
-0.7832450
-0.7832450
-0.7832450
-0.7832450
-0.7832450
-0.7832450
-0.7832450
-0.7832450
-0.7832450
-0.7832450
-0.7832450
-0.7832450
-0.7832450
-0.7832450
-0.7832450
-0.7832450
-0.7832450
-0.7832450
-0.9272515
-1.0825834
-1.2495861
-1.4277359
-1.6162006
-1.8141092
-2.0206612
-2.2351591
-2.4570089
-2.6857102
-2.9208441
-3.1620624
-3.4090798
-3.6616690
-3.9196578
-4.1829301
-4.4514299
-4.7251700
-5.0042475
-5.2888689
-5.5793930
-5.8764018
-6.1808284
-6.4941928
-6.8190787
-7.1602069
-7.5273698
-7.9465660
-8.5246247
-10.0000000
-3.2000000
-3.1744584
-3.1443189
-3.1046020
-3.0491732
-2.9706691
-2.8615875
-2.7174360
-2.5409319
-2.3424539
-2.1339354
-1.9252070
-1.7233505
-1.5331484
-1.3577001
-1.1989710
-1.0582541
-0.9365533
-0.8349024
-0.7547304
-0.6989617
-0.6779225
-0.7450648
-0.7450648
-0.7450648
-0.7450648
-0.7450648
-0.7450648
-0.7450648
-0.7450648
-0.7450648
-0.7450648
-0.7450648
-0.7450648
-0.7450648
-0.7450648
-0.7450648
-0.7450648
-0.7450648
-0.7450648
-0.7450648
-0.7450648
-0.7450648
-0.7450648
-0.7450648
-0.7450648
-0.7450648
-0.7450648
-0.7450648
-0.7450648
-0.7450648
-0.7450648
-0.7450648
-0.7450648
-0.7450648
-0.7450648
-0.7450648
-0.7450648
-0.7450648
-0.7450648
-0.7450648
-0.7450648
-0.7450648
-0.7450648
-0.7450648
-0.7450648
-0.7450648
-0.7450648
-0.7450648
-0.7450648
-0.7450648
-0.7450648
-0.7450648
-0.7450648
-0.7450648
-0.7450648
-0.7450648
-0.7450648
-0.7450648
-0.7450648
-0.7450648
-0.7450648
-0.7450648
-0.7450648
-0.7450648
-0.7450648
-0.7450648
-0.7450648
-0.7450648
-0.7450648
-0.7450648
-0.7450648
-0.7450648
-0.7450648
-0.7450648
-0.7450648
-0.7450648
-0.7450648
-0.7450648
-0.7450648
-0.7450648
-0.7450648
-0.7450648
-0.8804005
-1.0253875
-1.1808605
-1.3467839
-1.5227024
-1.7080065
-1.9020669
-2.1042956
-2.3141666
-2.5312208
-2.7550619
-2.9853525
-3.2218086
-3.4641971
-3.7123346
-3.9660889
-4.2253840
-4.4902092
-4.7606359
-5.0368446
-5.3191717
-5.6081891
-5.9048496
-6.2107642
-6.5287779
-6.8643286
-7.2293903
-7.6580613
-8.2918245
-10.0000000
-3.0000000
-2.9735268
-2.9425546
-2.9022406
-2.8468517
-2.7698611
-2.6650759
-2.5292645
-2.3651742
-2.1815410
-1.9886720
-1.7953932
-1.6082512
-1.4317444
-1.2688085
-1.1213042
-0.9904506
-0.8771951
-0.7825299
-0.7078693
-0.6562006
-0.6380420
-0.7053013
-0.7053013
-0.7053013
-0.7053013
-0.7053013
-0.7053013
-0.7053013
-0.7053013
-0.7053013
-0.7053013
-0.7053013
-0.7053013
-0.7053013
-0.7053013
-0.7053013
-0.7053013
-0.7053013
-0.7053013
-0.7053013
-0.7053013
-0.7053013
-0.7053013
-0.7053013
-0.7053013
-0.7053013
-0.7053013
-0.7053013
-0.7053013
-0.7053013
-0.7053013
-0.7053013
-0.7053013
-0.7053013
-0.7053013
-0.7053013
-0.7053013
-0.7053013
-0.7053013
-0.7053013
-0.7053013
-0.7053013
-0.7053013
-0.7053013
-0.7053013
-0.7053013
-0.7053013
-0.7053013
-0.7053013
-0.7053013
-0.7053013
-0.7053013
-0.7053013
-0.7053013
-0.7053013
-0.7053013
-0.7053013
-0.7053013
-0.7053013
-0.7053013
-0.7053013
-0.7053013
-0.7053013
-0.7053013
-0.7053013
-0.7053013
-0.7053013
-0.7053013
-0.7053013
-0.7053013
-0.7053013
-0.7053013
-0.7053013
-0.7053013
-0.7053013
-0.7053013
-0.7053013
-0.7053013
-0.7053013
-0.7053013
-0.7053013
-0.7053013
-0.8322609
-0.9674751
-1.1120519
-1.2663035
-1.4300832
-1.6030191
-1.7846531
-1.9745161
-2.1721633
-2.3771894
-2.5892329
-2.8079767
-3.0331462
-3.2645090
-3.5018749
-3.7450983
-3.9940844
-4.2487986
-4.5092847
-4.7756946
-5.0483389
-5.3277781
-5.6149882
-5.9116892
-6.2210484
-6.5494239
-6.9116900
-7.3524220
-8.0518029
-10.0000000
-2.8000000
-2.7730238
-2.7417207
-2.7014430
-2.6468880
-2.5723019
-2.4725657
-2.3453530
-2.1933167
-2.0238955
-1.8460346
-1.6676440
-1.4947434
-1.3315336
-1.1807744
-1.0442153
-0.9229985
-0.8180131
-0.7302051
-0.6609617
-0.6132902
-0.5977320
-0.6641088
-0.6641088
-0.6641088
-0.6641088
-0.6641088
-0.6641088
-0.6641088
-0.6641088
-0.6641088
-0.6641088
-0.6641088
-0.6641088
-0.6641088
-0.6641088
-0.6641088
-0.6641088
-0.6641088
-0.6641088
-0.6641088
-0.6641088
-0.6641088
-0.6641088
-0.6641088
-0.6641088
-0.6641088
-0.6641088
-0.6641088
-0.6641088
-0.6641088
-0.6641088
-0.6641088
-0.6641088
-0.6641088
-0.6641088
-0.6641088
-0.6641088
-0.6641088
-0.6641088
-0.6641088
-0.6641088
-0.6641088
-0.6641088
-0.6641088
-0.6641088
-0.6641088
-0.6641088
-0.6641088
-0.6641088
-0.6641088
-0.6641088
-0.6641088
-0.6641088
-0.6641088
-0.6641088
-0.6641088
-0.6641088
-0.6641088
-0.6641088
-0.6641088
-0.6641088
-0.6641088
-0.6641088
-0.6641088
-0.6641088
-0.6641088
-0.6641088
-0.6641088
-0.6641088
-0.6641088
-0.6641088
-0.6641088
-0.6641088
-0.6641088
-0.6641088
-0.6641088
-0.6641088
-0.6641088
-0.6641088
-0.6641088
-0.6641088
-0.6641088
-0.7828533
-0.9086857
-1.0428432
-1.1858721
-1.3378647
-1.4986529
-1.6679379
-1.8453694
-2.0305892
-2.2232535
-2.4230436
-2.6296702
-2.8428749
-3.0624314
-3.2881471
-3.5198666
-3.7574778
-4.0009233
-4.2502194
-4.5054883
-4.7670150
-5.0353488
-5.3114946
-5.5972973
-5.8962932
-6.2158777
-6.5739401
-7.0231780
-7.7466912
-9.3333333
-2.6000000
-2.5729426
-2.5417881
-2.5021285
-2.4491017
-2.3776570
-2.2835539
-2.1651193
-2.0248460
-1.8691181
-1.7057232
-1.5417359
-1.3826614
-1.2323953
-1.0935132
-0.9676482
-0.8558639
-0.7589898
-0.6779215
-0.6140064
-0.5702310
-0.5570026
-0.6216257
-0.6216257
-0.6216257
-0.6216257
-0.6216257
-0.6216257
-0.6216257
-0.6216257
-0.6216257
-0.6216257
-0.6216257
-0.6216257
-0.6216257
-0.6216257
-0.6216257
-0.6216257
-0.6216257
-0.6216257
-0.6216257
-0.6216257
-0.6216257
-0.6216257
-0.6216257
-0.6216257
-0.6216257
-0.6216257
-0.6216257
-0.6216257
-0.6216257
-0.6216257
-0.6216257
-0.6216257
-0.6216257
-0.6216257
-0.6216257
-0.6216257
-0.6216257
-0.6216257
-0.6216257
-0.6216257
-0.6216257
-0.6216257
-0.6216257
-0.6216257
-0.6216257
-0.6216257
-0.6216257
-0.6216257
-0.6216257
-0.6216257
-0.6216257
-0.6216257
-0.6216257
-0.6216257
-0.6216257
-0.6216257
-0.6216257
-0.6216257
-0.6216257
-0.6216257
-0.6216257
-0.6216257
-0.6216257
-0.6216257
-0.6216257
-0.6216257
-0.6216257
-0.6216257
-0.6216257
-0.6216257
-0.6216257
-0.6216257
-0.6216257
-0.6216257
-0.6216257
-0.6216257
-0.6216257
-0.6216257
-0.6216257
-0.6216257
-0.6216257
-0.7322264
-0.8489338
-0.9730214
-1.1051800
-1.2456781
-1.3945133
-1.5515271
-1.7164806
-1.8891013
-2.0691101
-2.2562353
-2.4502206
-2.6508288
-2.8578445
-3.0710767
-3.2903634
-3.5155783
-3.7466430
-3.9835474
-4.2263853
-4.4754165
-4.7311796
-4.9947081
-5.2679695
-5.5548459
-5.8636130
-6.2140936
-6.6601092
-7.3531563
-8.6666667
-2.4000000
-2.3732711
-2.3427184
-2.3042070
-2.2533144
-2.1856225
-2.0976109
-1.9880797
-1.8593286
-1.7168631
-1.5674732
-1.4174685
-1.2718548
-1.1342191
-1.0069467
-0.8915509
-0.7890154
-0.7001088
-0.6256729
-0.5670033
-0.5270253
-0.5158683
-0.5779786
-0.5779786
-0.5779786
-0.5779786
-0.5779786
-0.5779786
-0.5779786
-0.5779786
-0.5779786
-0.5779786
-0.5779786
-0.5779786
-0.5779786
-0.5779786
-0.5779786
-0.5779786
-0.5779786
-0.5779786
-0.5779786
-0.5779786
-0.5779786
-0.5779786
-0.5779786
-0.5779786
-0.5779786
-0.5779786
-0.5779786
-0.5779786
-0.5779786
-0.5779786
-0.5779786
-0.5779786
-0.5779786
-0.5779786
-0.5779786
-0.5779786
-0.5779786
-0.5779786
-0.5779786
-0.5779786
-0.5779786
-0.5779786
-0.5779786
-0.5779786
-0.5779786
-0.5779786
-0.5779786
-0.5779786
-0.5779786
-0.5779786
-0.5779786
-0.5779786
-0.5779786
-0.5779786
-0.5779786
-0.5779786
-0.5779786
-0.5779786
-0.5779786
-0.5779786
-0.5779786
-0.5779786
-0.5779786
-0.5779786
-0.5779786
-0.5779786
-0.5779786
-0.5779786
-0.5779786
-0.5779786
-0.5779786
-0.5779786
-0.5779786
-0.5779786
-0.5779786
-0.5779786
-0.5779786
-0.5779786
-0.5779786
-0.5779786
-0.5779786
-0.6804459
-0.7881871
-0.9024521
-1.0240090
-1.1532476
-1.2902942
-1.4351071
-1.5875468
-1.7474211
-1.9145142
-2.0886030
-2.2694669
-2.4568931
-2.6506807
-2.8506443
-3.0566184
-3.2684658
-3.4860898
-3.7094565
-3.9386329
-4.1738539
-4.4156453
-4.6650595
-4.9241535
-5.1970451
-5.4924742
-5.8305554
-6.2607097
-6.9015944
-8.0000000
-2.2000000
-2.1739925
-2.1444658
-2.1075823
-2.0593506
-1.9959200
-1.9143629
-1.8138227
-1.6963913
-1.5668271
-1.4310483
-1.2946604
-1.1621865
-1.0369036
-0.9210029
-0.8158754
-0.7224237
-0.6413552
-0.5734541
-0.5199526
-0.4836769
-0.4743473
-0.5332837
-0.5332837
-0.5332837
-0.5332837
-0.5332837
-0.5332837
-0.5332837
-0.5332837
-0.5332837
-0.5332837
-0.5332837
-0.5332837
-0.5332837
-0.5332837
-0.5332837
-0.5332837
-0.5332837
-0.5332837
-0.5332837
-0.5332837
-0.5332837
-0.5332837
-0.5332837
-0.5332837
-0.5332837
-0.5332837
-0.5332837
-0.5332837
-0.5332837
-0.5332837
-0.5332837
-0.5332837
-0.5332837
-0.5332837
-0.5332837
-0.5332837
-0.5332837
-0.5332837
-0.5332837
-0.5332837
-0.5332837
-0.5332837
-0.5332837
-0.5332837
-0.5332837
-0.5332837
-0.5332837
-0.5332837
-0.5332837
-0.5332837
-0.5332837
-0.5332837
-0.5332837
-0.5332837
-0.5332837
-0.5332837
-0.5332837
-0.5332837
-0.5332837
-0.5332837
-0.5332837
-0.5332837
-0.5332837
-0.5332837
-0.5332837
-0.5332837
-0.5332837
-0.5332837
-0.5332837
-0.5332837
-0.5332837
-0.5332837
-0.5332837
-0.5332837
-0.5332837
-0.5332837
-0.5332837
-0.5332837
-0.5332837
-0.5332837
-0.5332837
-0.6275879
-0.7264503
-0.8310602
-0.9422136
-1.0603757
-1.1857663
-1.3184370
-1.4583319
-1.6053309
-1.7592771
-1.9199943
-2.0872984
-2.2610028
-2.4409237
-2.6268842
-2.8187190
-3.0162834
-3.2194658
-3.4282116
-3.6425630
-3.8627299
-4.0892197
-4.3230833
-4.5664099
-4.8233859
-5.1027267
-5.4235029
-5.8285820
-6.4093821
-7.3333333
-2.0000000
-1.9750864
-1.9469781
-1.9121532
-1.8670388
-1.8082934
-1.7334802
-1.6419918
-1.5357086
-1.4187406
-1.2962353
-1.1731464
-1.0535303
-0.9403550
-0.8356148
-0.7405765
-0.6560616
-0.5827149
-0.5212602
-0.4728555
-0.4401915
-0.4324616
-0.4876496
-0.4876496
-0.4876496
-0.4876496
-0.4876496
-0.4876496
-0.4876496
-0.4876496
-0.4876496
-0.4876496
-0.4876496
-0.4876496
-0.4876496
-0.4876496
-0.4876496
-0.4876496
-0.4876496
-0.4876496
-0.4876496
-0.4876496
-0.4876496
-0.4876496
-0.4876496
-0.4876496
-0.4876496
-0.4876496
-0.4876496
-0.4876496
-0.4876496
-0.4876496
-0.4876496
-0.4876496
-0.4876496
-0.4876496
-0.4876496
-0.4876496
-0.4876496
-0.4876496
-0.4876496
-0.4876496
-0.4876496
-0.4876496
-0.4876496
-0.4876496
-0.4876496
-0.4876496
-0.4876496
-0.4876496
-0.4876496
-0.4876496
-0.4876496
-0.4876496
-0.4876496
-0.4876496
-0.4876496
-0.4876496
-0.4876496
-0.4876496
-0.4876496
-0.4876496
-0.4876496
-0.4876496
-0.4876496
-0.4876496
-0.4876496
-0.4876496
-0.4876496
-0.4876496
-0.4876496
-0.4876496
-0.4876496
-0.4876496
-0.4876496
-0.4876496
-0.4876496
-0.4876496
-0.4876496
-0.4876496
-0.4876496
-0.4876496
-0.4876496
-0.5737343
-0.6637545
-0.7588163
-0.8597066
-0.9669295
-1.0807669
-1.2013401
-1.3286609
-1.4626699
-1.6032626
-1.7503065
-1.9036524
-2.0631405
-2.2286057
-2.3998821
-2.5768079
-2.7592344
-2.9470393
-3.1401508
-3.3385888
-3.5425374
-3.7524769
-3.9694310
-4.1954519
-4.4346227
-4.6952277
-4.9945254
-5.3685645
-5.8874616
-6.6666667
-1.8000000
-1.7765284
-1.7501980
-1.7178153
-1.6762122
-1.6225052
-1.5546677
-1.4722730
-1.3769911
-1.2723613
-1.1628399
-1.0527743
-0.9457693
-0.8444860
-0.7507196
-0.6656122
-0.5899033
-0.5241749
-0.4690872
-0.4257137
-0.3965763
-0.3902357
-0.4411781
-0.4411781
-0.4411781
-0.4411781
-0.4411781
-0.4411781
-0.4411781
-0.4411781
-0.4411781
-0.4411781
-0.4411781
-0.4411781
-0.4411781
-0.4411781
-0.4411781
-0.4411781
-0.4411781
-0.4411781
-0.4411781
-0.4411781
-0.4411781
-0.4411781
-0.4411781
-0.4411781
-0.4411781
-0.4411781
-0.4411781
-0.4411781
-0.4411781
-0.4411781
-0.4411781
-0.4411781
-0.4411781
-0.4411781
-0.4411781
-0.4411781
-0.4411781
-0.4411781
-0.4411781
-0.4411781
-0.4411781
-0.4411781
-0.4411781
-0.4411781
-0.4411781
-0.4411781
-0.4411781
-0.4411781
-0.4411781
-0.4411781
-0.4411781
-0.4411781
-0.4411781
-0.4411781
-0.4411781
-0.4411781
-0.4411781
-0.4411781
-0.4411781
-0.4411781
-0.4411781
-0.4411781
-0.4411781
-0.4411781
-0.4411781
-0.4411781
-0.4411781
-0.4411781
-0.4411781
-0.4411781
-0.4411781
-0.4411781
-0.4411781
-0.4411781
-0.4411781
-0.4411781
-0.4411781
-0.4411781
-0.4411781
-0.4411781
-0.4411781
-0.5189711
-0.6001505
-0.6857252
-0.7764471
-0.8728295
-0.9751898
-1.0836968
-1.1984135
-1.3193292
-1.4463839
-1.5794838
-1.7185117
-1.8633340
-2.0138050
-2.1697719
-2.3310794
-2.4975787
-2.6691410
-2.8456813
-3.0271999
-3.2138545
-3.4060891
-3.6048732
-3.8121568
-4.0317767
-4.2713153
-4.5458988
-4.8852878
-5.3432008
-6.0000000
-1.6000000
-1.5782915
-1.5540639
-1.5244621
-1.4867082
-1.4383335
-1.3776578
-1.3043851
-1.2199792
-1.1274687
-1.0306838
-0.9334032
-0.8387948
-0.7492146
-0.6662587
-0.5909428
-0.5239247
-0.4657228
-0.4169314
-0.3785297
-0.3528399
-0.3476969
-0.3939657
-0.3939657
-0.3939657
-0.3939657
-0.3939657
-0.3939657
-0.3939657
-0.3939657
-0.3939657
-0.3939657
-0.3939657
-0.3939657
-0.3939657
-0.3939657
-0.3939657
-0.3939657
-0.3939657
-0.3939657
-0.3939657
-0.3939657
-0.3939657
-0.3939657
-0.3939657
-0.3939657
-0.3939657
-0.3939657
-0.3939657
-0.3939657
-0.3939657
-0.3939657
-0.3939657
-0.3939657
-0.3939657
-0.3939657
-0.3939657
-0.3939657
-0.3939657
-0.3939657
-0.3939657
-0.3939657
-0.3939657
-0.3939657
-0.3939657
-0.3939657
-0.3939657
-0.3939657
-0.3939657
-0.3939657
-0.3939657
-0.3939657
-0.3939657
-0.3939657
-0.3939657
-0.3939657
-0.3939657
-0.3939657
-0.3939657
-0.3939657
-0.3939657
-0.3939657
-0.3939657
-0.3939657
-0.3939657
-0.3939657
-0.3939657
-0.3939657
-0.3939657
-0.3939657
-0.3939657
-0.3939657
-0.3939657
-0.3939657
-0.3939657
-0.3939657
-0.3939657
-0.3939657
-0.3939657
-0.3939657
-0.3939657
-0.3939657
-0.3939657
-0.4633862
-0.5357025
-0.6118183
-0.6924312
-0.7780407
-0.8689768
-0.9654366
-1.0675179
-1.1752470
-1.2885992
-1.4075135
-1.5319013
-1.6616531
-1.7966431
-1.9367327
-2.0817761
-2.2316284
-2.3861585
-2.5452731
-2.7089560
-2.8773380
-3.0508192
-3.2302911
-3.4175486
-3.6160816
-3.8326218
-4.0801144
-4.3828115
-4.7818193
-5.3333333
-1.4000000
-1.3803458
-1.3585108
-1.3319853
-1.2983685
-1.2555696
-1.2022054
-1.1380729
-1.0644363
-0.9838605
-0.8996014
-0.8149016
-0.7325044
-0.6544639
-0.5821762
-0.5165307
-0.4581027
-0.4073472
-0.3647895
-0.3313063
-0.3089922
-0.3048748
-0.3461043
-0.3461043
-0.3461043
-0.3461043
-0.3461043
-0.3461043
-0.3461043
-0.3461043
-0.3461043
-0.3461043
-0.3461043
-0.3461043
-0.3461043
-0.3461043
-0.3461043
-0.3461043
-0.3461043
-0.3461043
-0.3461043
-0.3461043
-0.3461043
-0.3461043
-0.3461043
-0.3461043
-0.3461043
-0.3461043
-0.3461043
-0.3461043
-0.3461043
-0.3461043
-0.3461043
-0.3461043
-0.3461043
-0.3461043
-0.3461043
-0.3461043
-0.3461043
-0.3461043
-0.3461043
-0.3461043
-0.3461043
-0.3461043
-0.3461043
-0.3461043
-0.3461043
-0.3461043
-0.3461043
-0.3461043
-0.3461043
-0.3461043
-0.3461043
-0.3461043
-0.3461043
-0.3461043
-0.3461043
-0.3461043
-0.3461043
-0.3461043
-0.3461043
-0.3461043
-0.3461043
-0.3461043
-0.3461043
-0.3461043
-0.3461043
-0.3461043
-0.3461043
-0.3461043
-0.3461043
-0.3461043
-0.3461043
-0.3461043
-0.3461043
-0.3461043
-0.3461043
-0.3461043
-0.3461043
-0.3461043
-0.3461043
-0.3461043
-0.3461043
-0.4070694
-0.4704857
-0.5371473
-0.6076843
-0.6825639
-0.7621104
-0.8465314
-0.9359452
-1.0304032
-1.1299074
-1.2344226
-1.3438847
-1.4582063
-1.5772804
-1.7009843
-1.8291841
-1.9617425
-2.0985311
-2.2394527
-2.3844788
-2.5337139
-2.6875086
-2.8466583
-3.0127654
-3.1889113
-3.3809159
-3.5996353
-3.8646003
-4.2071688
-4.6666667
-1.2000000
-1.1826594
-1.1634711
-1.1402761
-1.1110385
-1.0740160
-1.0280827
-0.9731022
-0.9101445
-0.8413488
-0.7694381
-0.6971455
-0.6268016
-0.5601608
-0.4984194
-0.4423399
-0.3924156
-0.3490371
-0.3126588
-0.2840473
-0.2650445
-0.2618007
-0.2976821
-0.2976821
-0.2976821
-0.2976821
-0.2976821
-0.2976821
-0.2976821
-0.2976821
-0.2976821
-0.2976821
-0.2976821
-0.2976821
-0.2976821
-0.2976821
-0.2976821
-0.2976821
-0.2976821
-0.2976821
-0.2976821
-0.2976821
-0.2976821
-0.2976821
-0.2976821
-0.2976821
-0.2976821
-0.2976821
-0.2976821
-0.2976821
-0.2976821
-0.2976821
-0.2976821
-0.2976821
-0.2976821
-0.2976821
-0.2976821
-0.2976821
-0.2976821
-0.2976821
-0.2976821
-0.2976821
-0.2976821
-0.2976821
-0.2976821
-0.2976821
-0.2976821
-0.2976821
-0.2976821
-0.2976821
-0.2976821
-0.2976821
-0.2976821
-0.2976821
-0.2976821
-0.2976821
-0.2976821
-0.2976821
-0.2976821
-0.2976821
-0.2976821
-0.2976821
-0.2976821
-0.2976821
-0.2976821
-0.2976821
-0.2976821
-0.2976821
-0.2976821
-0.2976821
-0.2976821
-0.2976821
-0.2976821
-0.2976821
-0.2976821
-0.2976821
-0.2976821
-0.2976821
-0.2976821
-0.2976821
-0.2976821
-0.2976821
-0.2976821
-0.3501108
-0.4045828
-0.4617800
-0.5222552
-0.5864298
-0.6546066
-0.7269892
-0.8037035
-0.8848149
-0.9703435
-1.0602734
-1.1545605
-1.2531367
-1.3559132
-1.4627838
-1.5736289
-1.6883226
-1.8067437
-1.9287965
-2.0544441
-2.1837669
-2.3170627
-2.4550193
-2.5990234
-2.7517158
-2.9179983
-3.1067882
-3.3335980
-3.6221893
-4.0000000
-1.0000000
-0.9851985
-0.9688749
-0.9492249
-0.9245675
-0.8934843
-0.8550767
-0.8092549
-0.7569010
-0.6997575
-0.6400476
-0.5800175
-0.5215942
-0.4662355
-0.4149377
-0.3683363
-0.3268425
-0.2907821
-0.2605371
-0.2367566
-0.2210089
-0.2185078
-0.2487844
-0.2487844
-0.2487844
-0.2487844
-0.2487844
-0.2487844
-0.2487844
-0.2487844
-0.2487844
-0.2487844
-0.2487844
-0.2487844
-0.2487844
-0.2487844
-0.2487844
-0.2487844
-0.2487844
-0.2487844
-0.2487844
-0.2487844
-0.2487844
-0.2487844
-0.2487844
-0.2487844
-0.2487844
-0.2487844
-0.2487844
-0.2487844
-0.2487844
-0.2487844
-0.2487844
-0.2487844
-0.2487844
-0.2487844
-0.2487844
-0.2487844
-0.2487844
-0.2487844
-0.2487844
-0.2487844
-0.2487844
-0.2487844
-0.2487844
-0.2487844
-0.2487844
-0.2487844
-0.2487844
-0.2487844
-0.2487844
-0.2487844
-0.2487844
-0.2487844
-0.2487844
-0.2487844
-0.2487844
-0.2487844
-0.2487844
-0.2487844
-0.2487844
-0.2487844
-0.2487844
-0.2487844
-0.2487844
-0.2487844
-0.2487844
-0.2487844
-0.2487844
-0.2487844
-0.2487844
-0.2487844
-0.2487844
-0.2487844
-0.2487844
-0.2487844
-0.2487844
-0.2487844
-0.2487844
-0.2487844
-0.2487844
-0.2487844
-0.2487844
-0.2926016
-0.3380827
-0.3857965
-0.4362116
-0.4896928
-0.5465092
-0.6068483
-0.6708322
-0.7385308
-0.8099739
-0.8851592
-0.9640579
-1.0466183
-1.1327689
-1.2224206
-1.3154702
-1.4118066
-1.5113206
-1.6139226
-1.7195723
-1.8283290
-1.9404365
-2.0564692
-2.1775851
-2.3059735
-2.4456408
-2.6037284
-2.7923207
-3.0291920
-3.3333333
-0.8000000
-0.7879276
-0.7746505
-0.7587222
-0.7388076
-0.7137934
-0.6829853
-0.6463261
-0.6045147
-0.5589198
-0.5112913
-0.4634054
-0.4167942
-0.3726210
-0.3316824
-0.2944868
-0.2613631
-0.2325724
-0.2084222
-0.1894388
-0.1768988
-0.1750305
-0.1994939
-0.1994939
-0.1994939
-0.1994939
-0.1994939
-0.1994939
-0.1994939
-0.1994939
-0.1994939
-0.1994939
-0.1994939
-0.1994939
-0.1994939
-0.1994939
-0.1994939
-0.1994939
-0.1994939
-0.1994939
-0.1994939
-0.1994939
-0.1994939
-0.1994939
-0.1994939
-0.1994939
-0.1994939
-0.1994939
-0.1994939
-0.1994939
-0.1994939
-0.1994939
-0.1994939
-0.1994939
-0.1994939
-0.1994939
-0.1994939
-0.1994939
-0.1994939
-0.1994939
-0.1994939
-0.1994939
-0.1994939
-0.1994939
-0.1994939
-0.1994939
-0.1994939
-0.1994939
-0.1994939
-0.1994939
-0.1994939
-0.1994939
-0.1994939
-0.1994939
-0.1994939
-0.1994939
-0.1994939
-0.1994939
-0.1994939
-0.1994939
-0.1994939
-0.1994939
-0.1994939
-0.1994939
-0.1994939
-0.1994939
-0.1994939
-0.1994939
-0.1994939
-0.1994939
-0.1994939
-0.1994939
-0.1994939
-0.1994939
-0.1994939
-0.1994939
-0.1994939
-0.1994939
-0.1994939
-0.1994939
-0.1994939
-0.1994939
-0.1994939
-0.2346330
-0.2710789
-0.3092866
-0.3496357
-0.3924265
-0.4378848
-0.4861722
-0.5373973
-0.5916264
-0.6488922
-0.7092001
-0.7725324
-0.8388517
-0.9081022
-0.9802123
-1.0550973
-1.1326639
-1.2128191
-1.2954843
-1.3806205
-1.4682691
-1.5586213
-1.6521352
-1.7497357
-1.8531610
-1.9655568
-2.0924410
-2.2429438
-2.4300444
-2.6666667
-0.6000000
-0.5908102
-0.5807251
-0.5686580
-0.5536134
-0.5347683
-0.5116159
-0.4841209
-0.4528038
-0.4186768
-0.3830357
-0.3472012
-0.3123167
-0.2792526
-0.2486064
-0.2207593
-0.1959580
-0.1743984
-0.1563124
-0.1420989
-0.1327280
-0.1314043
-0.1498915
-0.1498915
-0.1498915
-0.1498915
-0.1498915
-0.1498915
-0.1498915
-0.1498915
-0.1498915
-0.1498915
-0.1498915
-0.1498915
-0.1498915
-0.1498915
-0.1498915
-0.1498915
-0.1498915
-0.1498915
-0.1498915
-0.1498915
-0.1498915
-0.1498915
-0.1498915
-0.1498915
-0.1498915
-0.1498915
-0.1498915
-0.1498915
-0.1498915
-0.1498915
-0.1498915
-0.1498915
-0.1498915
-0.1498915
-0.1498915
-0.1498915
-0.1498915
-0.1498915
-0.1498915
-0.1498915
-0.1498915
-0.1498915
-0.1498915
-0.1498915
-0.1498915
-0.1498915
-0.1498915
-0.1498915
-0.1498915
-0.1498915
-0.1498915
-0.1498915
-0.1498915
-0.1498915
-0.1498915
-0.1498915
-0.1498915
-0.1498915
-0.1498915
-0.1498915
-0.1498915
-0.1498915
-0.1498915
-0.1498915
-0.1498915
-0.1498915
-0.1498915
-0.1498915
-0.1498915
-0.1498915
-0.1498915
-0.1498915
-0.1498915
-0.1498915
-0.1498915
-0.1498915
-0.1498915
-0.1498915
-0.1498915
-0.1498915
-0.1498915
-0.1762967
-0.2036683
-0.2323474
-0.2626213
-0.2947197
-0.3288182
-0.3650444
-0.4034863
-0.4441996
-0.4872142
-0.5325382
-0.5801620
-0.6300595
-0.6821901
-0.7364999
-0.7929238
-0.8513895
-0.9118235
-0.9741629
-1.0383739
-1.1044837
-1.1726331
-1.2431637
-1.3167669
-1.3947360
-1.4793927
-1.5747596
-1.6873781
-1.8262972
-2.0000000
-0.4000000
-0.3938087
-0.3870247
-0.3789227
-0.3688416
-0.3562387
-0.3407821
-0.3224521
-0.3015936
-0.2788749
-0.2551521
-0.2313002
-0.2080788
-0.1860674
-0.1656639
-0.1471227
-0.1306081
-0.1162510
-0.1042063
-0.0947421
-0.0885112
-0.0876656
-0.1000564
-0.1000564
-0.1000564
-0.1000564
-0.1000564
-0.1000564
-0.1000564
-0.1000564
-0.1000564
-0.1000564
-0.1000564
-0.1000564
-0.1000564
-0.1000564
-0.1000564
-0.1000564
-0.1000564
-0.1000564
-0.1000564
-0.1000564
-0.1000564
-0.1000564
-0.1000564
-0.1000564
-0.1000564
-0.1000564
-0.1000564
-0.1000564
-0.1000564
-0.1000564
-0.1000564
-0.1000564
-0.1000564
-0.1000564
-0.1000564
-0.1000564
-0.1000564
-0.1000564
-0.1000564
-0.1000564
-0.1000564
-0.1000564
-0.1000564
-0.1000564
-0.1000564
-0.1000564
-0.1000564
-0.1000564
-0.1000564
-0.1000564
-0.1000564
-0.1000564
-0.1000564
-0.1000564
-0.1000564
-0.1000564
-0.1000564
-0.1000564
-0.1000564
-0.1000564
-0.1000564
-0.1000564
-0.1000564
-0.1000564
-0.1000564
-0.1000564
-0.1000564
-0.1000564
-0.1000564
-0.1000564
-0.1000564
-0.1000564
-0.1000564
-0.1000564
-0.1000564
-0.1000564
-0.1000564
-0.1000564
-0.1000564
-0.1000564
-0.1000564
-0.1176845
-0.1359505
-0.1550817
-0.1752707
-0.1966729
-0.2194081
-0.2435645
-0.2692038
-0.2963659
-0.3250734
-0.3553338
-0.3871423
-0.4204827
-0.4553282
-0.4916430
-0.5293830
-0.5684987
-0.6089394
-0.6506610
-0.6936390
-0.7378893
-0.7835043
-0.8307106
-0.8799674
-0.9321314
-0.9887313
-1.0523932
-1.1273351
-1.2192759
-1.3333333
-0.2000000
-0.1968849
-0.1934747
-0.1894065
-0.1843507
-0.1780375
-0.1703028
-0.1611378
-0.1507144
-0.1393648
-0.1275148
-0.1156001
-0.1039998
-0.0930034
-0.0828099
-0.0735463
-0.0652949
-0.0581211
-0.0521026
-0.0473739
-0.0442634
-0.0438517
-0.0500667
-0.0500667
-0.0500667
-0.0500667
-0.0500667
-0.0500667
-0.0500667
-0.0500667
-0.0500667
-0.0500667
-0.0500667
-0.0500667
-0.0500667
-0.0500667
-0.0500667
-0.0500667
-0.0500667
-0.0500667
-0.0500667
-0.0500667
-0.0500667
-0.0500667
-0.0500667
-0.0500667
-0.0500667
-0.0500667
-0.0500667
-0.0500667
-0.0500667
-0.0500667
-0.0500667
-0.0500667
-0.0500667
-0.0500667
-0.0500667
-0.0500667
-0.0500667
-0.0500667
-0.0500667
-0.0500667
-0.0500667
-0.0500667
-0.0500667
-0.0500667
-0.0500667
-0.0500667
-0.0500667
-0.0500667
-0.0500667
-0.0500667
-0.0500667
-0.0500667
-0.0500667
-0.0500667
-0.0500667
-0.0500667
-0.0500667
-0.0500667
-0.0500667
-0.0500667
-0.0500667
-0.0500667
-0.0500667
-0.0500667
-0.0500667
-0.0500667
-0.0500667
-0.0500667
-0.0500667
-0.0500667
-0.0500667
-0.0500667
-0.0500667
-0.0500667
-0.0500667
-0.0500667
-0.0500667
-0.0500667
-0.0500667
-0.0500667
-0.0500667
-0.0588883
-0.0680269
-0.0775961
-0.0876927
-0.0983949
-0.1097635
-0.1218435
-0.1346666
-0.1482537
-0.1626168
-0.1777603
-0.1936824
-0.2103751
-0.2278255
-0.2460154
-0.2649226
-0.2845221
-0.3047878
-0.3256973
-0.3472373
-0.3694155
-0.3922773
-0.4159357
-0.4406198
-0.4667560
-0.4951027
-0.5269563
-0.5643834
-0.6101519
-0.6666667
0.0000000
-0.0000000
0.0000000
-0.0000000
0.0000000
0.0000000
0.0000000
0.0000000
0.0000000
0.0000000
-0.0000000
0.0000000
-0.0000000
0.0000000
0.0000000
0.0000000
0.0000000
-0.0000000
0.0000000
-0.0000000
0.0000000
-0.0000000
0.0000000
0.0000000
0.0000000
0.0000000
0.0000000
0.0000000
0.0000000
0.0000000
0.0000000
0.0000000
0.0000000
0.0000000
0.0000000
0.0000000
0.0000000
0.0000000
0.0000000
0.0000000
0.0000000
0.0000000
0.0000000
0.0000000
0.0000000
0.0000000
0.0000000
0.0000000
0.0000000
0.0000000
0.0000000
0.0000000
0.0000000
0.0000000
0.0000000
0.0000000
0.0000000
0.0000000
0.0000000
0.0000000
0.0000000
0.0000000
0.0000000
0.0000000
0.0000000
0.0000000
0.0000000
0.0000000
0.0000000
0.0000000
0.0000000
0.0000000
0.0000000
0.0000000
0.0000000
0.0000000
0.0000000
0.0000000
0.0000000
0.0000000
0.0000000
0.0000000
0.0000000
0.0000000
0.0000000
0.0000000
0.0000000
0.0000000
0.0000000
0.0000000
0.0000000
0.0000000
0.0000000
0.0000000
0.0000000
0.0000000
0.0000000
0.0000000
0.0000000
0.0000000
0.0000000
0.0000000
0.0000000
-0.0000000
-0.0000000
-0.0000000
0.0000000
-0.0000000
0.0000000
-0.0000000
0.0000000
-0.0000000
0.0000000
-0.0000000
0.0000000
-0.0000000
0.0000000
0.0000000
0.0000000
0.0000000
0.0000000
0.0000000
0.0000000
0.0000000
0.0000000
0.0000000
0.0000000
0.0000000
0.0000000
0.0000000
0.0000000
0.0000000
0.0000000
0.2000000
0.1968849
0.1934747
0.1894065
0.1843507
0.1780375
0.1703028
0.1611378
0.1507144
0.1393648
0.1275148
0.1156001
0.1039998
0.0930034
0.0828099
0.0735463
0.0652949
0.0581211
0.0521026
0.0473739
0.0442634
0.0438517
0.0500667
0.0500667
0.0500667
0.0500667
0.0500667
0.0500667
0.0500667
0.0500667
0.0500667
0.0500667
0.0500667
0.0500667
0.0500667
0.0500667
0.0500667
0.0500667
0.0500667
0.0500667
0.0500667
0.0500667
0.0500667
0.0500667
0.0500667
0.0500667
0.0500667
0.0500667
0.0500667
0.0500667
0.0500667
0.0500667
0.0500667
0.0500667
0.0500667
0.0500667
0.0500667
0.0500667
0.0500667
0.0500667
0.0500667
0.0500667
0.0500667
0.0500667
0.0500667
0.0500667
0.0500667
0.0500667
0.0500667
0.0500667
0.0500667
0.0500667
0.0500667
0.0500667
0.0500667
0.0500667
0.0500667
0.0500667
0.0500667
0.0500667
0.0500667
0.0500667
0.0500667
0.0500667
0.0500667
0.0500667
0.0500667
0.0500667
0.0500667
0.0500667
0.0500667
0.0500667
0.0500667
0.0500667
0.0500667
0.0500667
0.0500667
0.0500667
0.0500667
0.0500667
0.0500667
0.0500667
0.0500667
0.0588883
0.0680269
0.0775961
0.0876927
0.0983949
0.1097635
0.1218435
0.1346666
0.1482537
0.1626168
0.1777603
0.1936824
0.2103751
0.2278255
0.2460154
0.2649226
0.2845221
0.3047878
0.3256973
0.3472373
0.3694155
0.3922773
0.4159357
0.4406198
0.4667560
0.4951027
0.5269563
0.5643834
0.6101519
0.6666667
0.4000000
0.3938087
0.3870247
0.3789227
0.3688416
0.3562387
0.3407821
0.3224521
0.3015936
0.2788749
0.2551521
0.2313002
0.2080788
0.1860674
0.1656639
0.1471227
0.1306081
0.1162510
0.1042063
0.0947421
0.0885112
0.0876656
0.1000564
0.1000564
0.1000564
0.1000564
0.1000564
0.1000564
0.1000564
0.1000564
0.1000564
0.1000564
0.1000564
0.1000564
0.1000564
0.1000564
0.1000564
0.1000564
0.1000564
0.1000564
0.1000564
0.1000564
0.1000564
0.1000564
0.1000564
0.1000564
0.1000564
0.1000564
0.1000564
0.1000564
0.1000564
0.1000564
0.1000564
0.1000564
0.1000564
0.1000564
0.1000564
0.1000564
0.1000564
0.1000564
0.1000564
0.1000564
0.1000564
0.1000564
0.1000564
0.1000564
0.1000564
0.1000564
0.1000564
0.1000564
0.1000564
0.1000564
0.1000564
0.1000564
0.1000564
0.1000564
0.1000564
0.1000564
0.1000564
0.1000564
0.1000564
0.1000564
0.1000564
0.1000564
0.1000564
0.1000564
0.1000564
0.1000564
0.1000564
0.1000564
0.1000564
0.1000564
0.1000564
0.1000564
0.1000564
0.1000564
0.1000564
0.1000564
0.1000564
0.1000564
0.1000564
0.1000564
0.1000564
0.1176845
0.1359505
0.1550817
0.1752707
0.1966729
0.2194081
0.2435645
0.2692038
0.2963659
0.3250734
0.3553338
0.3871423
0.4204827
0.4553282
0.4916430
0.5293830
0.5684987
0.6089394
0.6506610
0.6936390
0.7378893
0.7835043
0.8307106
0.8799674
0.9321314
0.9887313
1.0523932
1.1273351
1.2192759
1.3333333
0.6000000
0.5908102
0.5807251
0.5686580
0.5536134
0.5347683
0.5116159
0.4841209
0.4528038
0.4186768
0.3830357
0.3472012
0.3123167
0.2792526
0.2486064
0.2207593
0.1959580
0.1743984
0.1563124
0.1420989
0.1327280
0.1314043
0.1498915
0.1498915
0.1498915
0.1498915
0.1498915
0.1498915
0.1498915
0.1498915
0.1498915
0.1498915
0.1498915
0.1498915
0.1498915
0.1498915
0.1498915
0.1498915
0.1498915
0.1498915
0.1498915
0.1498915
0.1498915
0.1498915
0.1498915
0.1498915
0.1498915
0.1498915
0.1498915
0.1498915
0.1498915
0.1498915
0.1498915
0.1498915
0.1498915
0.1498915
0.1498915
0.1498915
0.1498915
0.1498915
0.1498915
0.1498915
0.1498915
0.1498915
0.1498915
0.1498915
0.1498915
0.1498915
0.1498915
0.1498915
0.1498915
0.1498915
0.1498915
0.1498915
0.1498915
0.1498915
0.1498915
0.1498915
0.1498915
0.1498915
0.1498915
0.1498915
0.1498915
0.1498915
0.1498915
0.1498915
0.1498915
0.1498915
0.1498915
0.1498915
0.1498915
0.1498915
0.1498915
0.1498915
0.1498915
0.1498915
0.1498915
0.1498915
0.1498915
0.1498915
0.1498915
0.1498915
0.1498915
0.1762967
0.2036683
0.2323474
0.2626213
0.2947197
0.3288182
0.3650444
0.4034863
0.4441996
0.4872142
0.5325382
0.5801620
0.6300595
0.6821901
0.7364999
0.7929238
0.8513895
0.9118235
0.9741629
1.0383739
1.1044837
1.1726331
1.2431637
1.3167669
1.3947360
1.4793927
1.5747596
1.6873781
1.8262972
2.0000000
0.8000000
0.7879276
0.7746505
0.7587222
0.7388076
0.7137934
0.6829853
0.6463261
0.6045147
0.5589198
0.5112913
0.4634054
0.4167942
0.3726210
0.3316824
0.2944868
0.2613631
0.2325724
0.2084222
0.1894388
0.1768988
0.1750305
0.1994939
0.1994939
0.1994939
0.1994939
0.1994939
0.1994939
0.1994939
0.1994939
0.1994939
0.1994939
0.1994939
0.1994939
0.1994939
0.1994939
0.1994939
0.1994939
0.1994939
0.1994939
0.1994939
0.1994939
0.1994939
0.1994939
0.1994939
0.1994939
0.1994939
0.1994939
0.1994939
0.1994939
0.1994939
0.1994939
0.1994939
0.1994939
0.1994939
0.1994939
0.1994939
0.1994939
0.1994939
0.1994939
0.1994939
0.1994939
0.1994939
0.1994939
0.1994939
0.1994939
0.1994939
0.1994939
0.1994939
0.1994939
0.1994939
0.1994939
0.1994939
0.1994939
0.1994939
0.1994939
0.1994939
0.1994939
0.1994939
0.1994939
0.1994939
0.1994939
0.1994939
0.1994939
0.1994939
0.1994939
0.1994939
0.1994939
0.1994939
0.1994939
0.1994939
0.1994939
0.1994939
0.1994939
0.1994939
0.1994939
0.1994939
0.1994939
0.1994939
0.1994939
0.1994939
0.1994939
0.1994939
0.2346330
0.2710789
0.3092866
0.3496357
0.3924265
0.4378848
0.4861722
0.5373973
0.5916264
0.6488922
0.7092001
0.7725324
0.8388517
0.9081022
0.9802123
1.0550973
1.1326639
1.2128191
1.2954843
1.3806205
1.4682691
1.5586213
1.6521352
1.7497357
1.8531610
1.9655568
2.0924410
2.2429438
2.4300444
2.6666667
1.0000000
0.9851985
0.9688749
0.9492249
0.9245675
0.8934843
0.8550767
0.8092549
0.7569010
0.6997575
0.6400476
0.5800175
0.5215942
0.4662355
0.4149377
0.3683363
0.3268425
0.2907821
0.2605371
0.2367566
0.2210089
0.2185078
0.2487844
0.2487844
0.2487844
0.2487844
0.2487844
0.2487844
0.2487844
0.2487844
0.2487844
0.2487844
0.2487844
0.2487844
0.2487844
0.2487844
0.2487844
0.2487844
0.2487844
0.2487844
0.2487844
0.2487844
0.2487844
0.2487844
0.2487844
0.2487844
0.2487844
0.2487844
0.2487844
0.2487844
0.2487844
0.2487844
0.2487844
0.2487844
0.2487844
0.2487844
0.2487844
0.2487844
0.2487844
0.2487844
0.2487844
0.2487844
0.2487844
0.2487844
0.2487844
0.2487844
0.2487844
0.2487844
0.2487844
0.2487844
0.2487844
0.2487844
0.2487844
0.2487844
0.2487844
0.2487844
0.2487844
0.2487844
0.2487844
0.2487844
0.2487844
0.2487844
0.2487844
0.2487844
0.2487844
0.2487844
0.2487844
0.2487844
0.2487844
0.2487844
0.2487844
0.2487844
0.2487844
0.2487844
0.2487844
0.2487844
0.2487844
0.2487844
0.2487844
0.2487844
0.2487844
0.2487844
0.2487844
0.2926016
0.3380827
0.3857965
0.4362116
0.4896928
0.5465092
0.6068483
0.6708322
0.7385308
0.8099739
0.8851592
0.9640579
1.0466183
1.1327689
1.2224206
1.3154702
1.4118066
1.5113206
1.6139226
1.7195723
1.8283290
1.9404365
2.0564692
2.1775851
2.3059735
2.4456408
2.6037284
2.7923207
3.0291920
3.3333333
1.2000000
1.1826594
1.1634711
1.1402761
1.1110385
1.0740160
1.0280827
0.9731022
0.9101445
0.8413488
0.7694381
0.6971455
0.6268016
0.5601608
0.4984194
0.4423399
0.3924156
0.3490371
0.3126588
0.2840473
0.2650445
0.2618007
0.2976821
0.2976821
0.2976821
0.2976821
0.2976821
0.2976821
0.2976821
0.2976821
0.2976821
0.2976821
0.2976821
0.2976821
0.2976821
0.2976821
0.2976821
0.2976821
0.2976821
0.2976821
0.2976821
0.2976821
0.2976821
0.2976821
0.2976821
0.2976821
0.2976821
0.2976821
0.2976821
0.2976821
0.2976821
0.2976821
0.2976821
0.2976821
0.2976821
0.2976821
0.2976821
0.2976821
0.2976821
0.2976821
0.2976821
0.2976821
0.2976821
0.2976821
0.2976821
0.2976821
0.2976821
0.2976821
0.2976821
0.2976821
0.2976821
0.2976821
0.2976821
0.2976821
0.2976821
0.2976821
0.2976821
0.2976821
0.2976821
0.2976821
0.2976821
0.2976821
0.2976821
0.2976821
0.2976821
0.2976821
0.2976821
0.2976821
0.2976821
0.2976821
0.2976821
0.2976821
0.2976821
0.2976821
0.2976821
0.2976821
0.2976821
0.2976821
0.2976821
0.2976821
0.2976821
0.2976821
0.2976821
0.3501108
0.4045828
0.4617800
0.5222552
0.5864298
0.6546066
0.7269892
0.8037035
0.8848149
0.9703435
1.0602734
1.1545605
1.2531367
1.3559132
1.4627838
1.5736289
1.6883226
1.8067437
1.9287965
2.0544441
2.1837669
2.3170627
2.4550193
2.5990234
2.7517158
2.9179983
3.1067882
3.3335980
3.6221893
4.0000000
1.4000000
1.3803458
1.3585108
1.3319853
1.2983685
1.2555696
1.2022054
1.1380729
1.0644363
0.9838605
0.8996014
0.8149016
0.7325044
0.6544639
0.5821762
0.5165307
0.4581027
0.4073472
0.3647895
0.3313063
0.3089922
0.3048748
0.3461043
0.3461043
0.3461043
0.3461043
0.3461043
0.3461043
0.3461043
0.3461043
0.3461043
0.3461043
0.3461043
0.3461043
0.3461043
0.3461043
0.3461043
0.3461043
0.3461043
0.3461043
0.3461043
0.3461043
0.3461043
0.3461043
0.3461043
0.3461043
0.3461043
0.3461043
0.3461043
0.3461043
0.3461043
0.3461043
0.3461043
0.3461043
0.3461043
0.3461043
0.3461043
0.3461043
0.3461043
0.3461043
0.3461043
0.3461043
0.3461043
0.3461043
0.3461043
0.3461043
0.3461043
0.3461043
0.3461043
0.3461043
0.3461043
0.3461043
0.3461043
0.3461043
0.3461043
0.3461043
0.3461043
0.3461043
0.3461043
0.3461043
0.3461043
0.3461043
0.3461043
0.3461043
0.3461043
0.3461043
0.3461043
0.3461043
0.3461043
0.3461043
0.3461043
0.3461043
0.3461043
0.3461043
0.3461043
0.3461043
0.3461043
0.3461043
0.3461043
0.3461043
0.3461043
0.3461043
0.3461043
0.4070694
0.4704857
0.5371473
0.6076843
0.6825639
0.7621104
0.8465314
0.9359452
1.0304032
1.1299074
1.2344226
1.3438847
1.4582063
1.5772804
1.7009843
1.8291841
1.9617425
2.0985311
2.2394527
2.3844788
2.5337139
2.6875086
2.8466583
3.0127654
3.1889113
3.3809159
3.5996353
3.8646003
4.2071688
4.6666667
1.6000000
1.5782915
1.5540639
1.5244621
1.4867082
1.4383335
1.3776578
1.3043851
1.2199792
1.1274687
1.0306838
0.9334032
0.8387948
0.7492146
0.6662587
0.5909428
0.5239247
0.4657228
0.4169314
0.3785297
0.3528399
0.3476969
0.3939657
0.3939657
0.3939657
0.3939657
0.3939657
0.3939657
0.3939657
0.3939657
0.3939657
0.3939657
0.3939657
0.3939657
0.3939657
0.3939657
0.3939657
0.3939657
0.3939657
0.3939657
0.3939657
0.3939657
0.3939657
0.3939657
0.3939657
0.3939657
0.3939657
0.3939657
0.3939657
0.3939657
0.3939657
0.3939657
0.3939657
0.3939657
0.3939657
0.3939657
0.3939657
0.3939657
0.3939657
0.3939657
0.3939657
0.3939657
0.3939657
0.3939657
0.3939657
0.3939657
0.3939657
0.3939657
0.3939657
0.3939657
0.3939657
0.3939657
0.3939657
0.3939657
0.3939657
0.3939657
0.3939657
0.3939657
0.3939657
0.3939657
0.3939657
0.3939657
0.3939657
0.3939657
0.3939657
0.3939657
0.3939657
0.3939657
0.3939657
0.3939657
0.3939657
0.3939657
0.3939657
0.3939657
0.3939657
0.3939657
0.3939657
0.3939657
0.3939657
0.3939657
0.3939657
0.3939657
0.3939657
0.4633862
0.5357025
0.6118183
0.6924312
0.7780407
0.8689768
0.9654366
1.0675179
1.1752470
1.2885992
1.4075135
1.5319013
1.6616531
1.7966431
1.9367327
2.0817761
2.2316284
2.3861585
2.5452731
2.7089560
2.8773380
3.0508192
3.2302911
3.4175486
3.6160816
3.8326218
4.0801144
4.3828115
4.7818193
5.3333333
1.8000000
1.7765284
1.7501980
1.7178153
1.6762122
1.6225052
1.5546677
1.4722730
1.3769911
1.2723613
1.1628399
1.0527743
0.9457693
0.8444860
0.7507196
0.6656122
0.5899033
0.5241749
0.4690872
0.4257137
0.3965763
0.3902357
0.4411781
0.4411781
0.4411781
0.4411781
0.4411781
0.4411781
0.4411781
0.4411781
0.4411781
0.4411781
0.4411781
0.4411781
0.4411781
0.4411781
0.4411781
0.4411781
0.4411781
0.4411781
0.4411781
0.4411781
0.4411781
0.4411781
0.4411781
0.4411781
0.4411781
0.4411781
0.4411781
0.4411781
0.4411781
0.4411781
0.4411781
0.4411781
0.4411781
0.4411781
0.4411781
0.4411781
0.4411781
0.4411781
0.4411781
0.4411781
0.4411781
0.4411781
0.4411781
0.4411781
0.4411781
0.4411781
0.4411781
0.4411781
0.4411781
0.4411781
0.4411781
0.4411781
0.4411781
0.4411781
0.4411781
0.4411781
0.4411781
0.4411781
0.4411781
0.4411781
0.4411781
0.4411781
0.4411781
0.4411781
0.4411781
0.4411781
0.4411781
0.4411781
0.4411781
0.4411781
0.4411781
0.4411781
0.4411781
0.4411781
0.4411781
0.4411781
0.4411781
0.4411781
0.4411781
0.4411781
0.4411781
0.5189711
0.6001505
0.6857252
0.7764471
0.8728295
0.9751898
1.0836968
1.1984135
1.3193292
1.4463839
1.5794838
1.7185117
1.8633340
2.0138050
2.1697719
2.3310794
2.4975787
2.6691410
2.8456813
3.0271999
3.2138545
3.4060891
3.6048732
3.8121568
4.0317767
4.2713153
4.5458988
4.8852878
5.3432008
6.0000000
2.0000000
1.9750864
1.9469781
1.9121532
1.8670388
1.8082934
1.7334802
1.6419918
1.5357086
1.4187406
1.2962353
1.1731464
1.0535303
0.9403550
0.8356148
0.7405765
0.6560616
0.5827149
0.5212602
0.4728555
0.4401915
0.4324616
0.4876496
0.4876496
0.4876496
0.4876496
0.4876496
0.4876496
0.4876496
0.4876496
0.4876496
0.4876496
0.4876496
0.4876496
0.4876496
0.4876496
0.4876496
0.4876496
0.4876496
0.4876496
0.4876496
0.4876496
0.4876496
0.4876496
0.4876496
0.4876496
0.4876496
0.4876496
0.4876496
0.4876496
0.4876496
0.4876496
0.4876496
0.4876496
0.4876496
0.4876496
0.4876496
0.4876496
0.4876496
0.4876496
0.4876496
0.4876496
0.4876496
0.4876496
0.4876496
0.4876496
0.4876496
0.4876496
0.4876496
0.4876496
0.4876496
0.4876496
0.4876496
0.4876496
0.4876496
0.4876496
0.4876496
0.4876496
0.4876496
0.4876496
0.4876496
0.4876496
0.4876496
0.4876496
0.4876496
0.4876496
0.4876496
0.4876496
0.4876496
0.4876496
0.4876496
0.4876496
0.4876496
0.4876496
0.4876496
0.4876496
0.4876496
0.4876496
0.4876496
0.4876496
0.4876496
0.4876496
0.4876496
0.5737343
0.6637545
0.7588163
0.8597066
0.9669295
1.0807669
1.2013401
1.3286609
1.4626699
1.6032626
1.7503065
1.9036524
2.0631405
2.2286057
2.3998821
2.5768079
2.7592344
2.9470393
3.1401508
3.3385888
3.5425374
3.7524769
3.9694310
4.1954519
4.4346227
4.6952277
4.9945254
5.3685645
5.8874616
6.6666667
2.2000000
2.1739925
2.1444658
2.1075823
2.0593506
1.9959200
1.9143629
1.8138227
1.6963913
1.5668271
1.4310483
1.2946604
1.1621865
1.0369036
0.9210029
0.8158754
0.7224237
0.6413552
0.5734541
0.5199526
0.4836769
0.4743473
0.5332837
0.5332837
0.5332837
0.5332837
0.5332837
0.5332837
0.5332837
0.5332837
0.5332837
0.5332837
0.5332837
0.5332837
0.5332837
0.5332837
0.5332837
0.5332837
0.5332837
0.5332837
0.5332837
0.5332837
0.5332837
0.5332837
0.5332837
0.5332837
0.5332837
0.5332837
0.5332837
0.5332837
0.5332837
0.5332837
0.5332837
0.5332837
0.5332837
0.5332837
0.5332837
0.5332837
0.5332837
0.5332837
0.5332837
0.5332837
0.5332837
0.5332837
0.5332837
0.5332837
0.5332837
0.5332837
0.5332837
0.5332837
0.5332837
0.5332837
0.5332837
0.5332837
0.5332837
0.5332837
0.5332837
0.5332837
0.5332837
0.5332837
0.5332837
0.5332837
0.5332837
0.5332837
0.5332837
0.5332837
0.5332837
0.5332837
0.5332837
0.5332837
0.5332837
0.5332837
0.5332837
0.5332837
0.5332837
0.5332837
0.5332837
0.5332837
0.5332837
0.5332837
0.5332837
0.5332837
0.5332837
0.6275879
0.7264503
0.8310602
0.9422136
1.0603757
1.1857663
1.3184370
1.4583319
1.6053309
1.7592771
1.9199943
2.0872984
2.2610028
2.4409237
2.6268842
2.8187190
3.0162834
3.2194658
3.4282116
3.6425630
3.8627299
4.0892197
4.3230833
4.5664099
4.8233859
5.1027267
5.4235029
5.8285820
6.4093821
7.3333333
2.4000000
2.3732711
2.3427184
2.3042070
2.2533144
2.1856225
2.0976109
1.9880797
1.8593286
1.7168631
1.5674732
1.4174685
1.2718548
1.1342191
1.0069467
0.8915509
0.7890154
0.7001088
0.6256729
0.5670033
0.5270253
0.5158683
0.5779786
0.5779786
0.5779786
0.5779786
0.5779786
0.5779786
0.5779786
0.5779786
0.5779786
0.5779786
0.5779786
0.5779786
0.5779786
0.5779786
0.5779786
0.5779786
0.5779786
0.5779786
0.5779786
0.5779786
0.5779786
0.5779786
0.5779786
0.5779786
0.5779786
0.5779786
0.5779786
0.5779786
0.5779786
0.5779786
0.5779786
0.5779786
0.5779786
0.5779786
0.5779786
0.5779786
0.5779786
0.5779786
0.5779786
0.5779786
0.5779786
0.5779786
0.5779786
0.5779786
0.5779786
0.5779786
0.5779786
0.5779786
0.5779786
0.5779786
0.5779786
0.5779786
0.5779786
0.5779786
0.5779786
0.5779786
0.5779786
0.5779786
0.5779786
0.5779786
0.5779786
0.5779786
0.5779786
0.5779786
0.5779786
0.5779786
0.5779786
0.5779786
0.5779786
0.5779786
0.5779786
0.5779786
0.5779786
0.5779786
0.5779786
0.5779786
0.5779786
0.5779786
0.5779786
0.5779786
0.5779786
0.6804459
0.7881871
0.9024521
1.0240090
1.1532476
1.2902942
1.4351071
1.5875468
1.7474211
1.9145142
2.0886030
2.2694669
2.4568931
2.6506807
2.8506443
3.0566184
3.2684658
3.4860898
3.7094565
3.9386329
4.1738539
4.4156453
4.6650595
4.9241535
5.1970451
5.4924742
5.8305554
6.2607097
6.9015944
8.0000000
2.6000000
2.5729426
2.5417881
2.5021285
2.4491017
2.3776570
2.2835539
2.1651193
2.0248460
1.8691181
1.7057232
1.5417359
1.3826614
1.2323953
1.0935132
0.9676482
0.8558639
0.7589898
0.6779215
0.6140064
0.5702310
0.5570026
0.6216257
0.6216257
0.6216257
0.6216257
0.6216257
0.6216257
0.6216257
0.6216257
0.6216257
0.6216257
0.6216257
0.6216257
0.6216257
0.6216257
0.6216257
0.6216257
0.6216257
0.6216257
0.6216257
0.6216257
0.6216257
0.6216257
0.6216257
0.6216257
0.6216257
0.6216257
0.6216257
0.6216257
0.6216257
0.6216257
0.6216257
0.6216257
0.6216257
0.6216257
0.6216257
0.6216257
0.6216257
0.6216257
0.6216257
0.6216257
0.6216257
0.6216257
0.6216257
0.6216257
0.6216257
0.6216257
0.6216257
0.6216257
0.6216257
0.6216257
0.6216257
0.6216257
0.6216257
0.6216257
0.6216257
0.6216257
0.6216257
0.6216257
0.6216257
0.6216257
0.6216257
0.6216257
0.6216257
0.6216257
0.6216257
0.6216257
0.6216257
0.6216257
0.6216257
0.6216257
0.6216257
0.6216257
0.6216257
0.6216257
0.6216257
0.6216257
0.6216257
0.6216257
0.6216257
0.6216257
0.6216257
0.7322264
0.8489338
0.9730214
1.1051800
1.2456781
1.3945133
1.5515271
1.7164806
1.8891013
2.0691101
2.2562353
2.4502206
2.6508288
2.8578445
3.0710767
3.2903634
3.5155783
3.7466430
3.9835474
4.2263853
4.4754165
4.7311796
4.9947081
5.2679695
5.5548459
5.8636130
6.2140936
6.6601092
7.3531563
8.6666667
2.8000000
2.7730238
2.7417207
2.7014430
2.6468880
2.5723019
2.4725657
2.3453530
2.1933167
2.0238955
1.8460346
1.6676440
1.4947434
1.3315336
1.1807744
1.0442153
0.9229985
0.8180131
0.7302051
0.6609617
0.6132902
0.5977320
0.6641088
0.6641088
0.6641088
0.6641088
0.6641088
0.6641088
0.6641088
0.6641088
0.6641088
0.6641088
0.6641088
0.6641088
0.6641088
0.6641088
0.6641088
0.6641088
0.6641088
0.6641088
0.6641088
0.6641088
0.6641088
0.6641088
0.6641088
0.6641088
0.6641088
0.6641088
0.6641088
0.6641088
0.6641088
0.6641088
0.6641088
0.6641088
0.6641088
0.6641088
0.6641088
0.6641088
0.6641088
0.6641088
0.6641088
0.6641088
0.6641088
0.6641088
0.6641088
0.6641088
0.6641088
0.6641088
0.6641088
0.6641088
0.6641088
0.6641088
0.6641088
0.6641088
0.6641088
0.6641088
0.6641088
0.6641088
0.6641088
0.6641088
0.6641088
0.6641088
0.6641088
0.6641088
0.6641088
0.6641088
0.6641088
0.6641088
0.6641088
0.6641088
0.6641088
0.6641088
0.6641088
0.6641088
0.6641088
0.6641088
0.6641088
0.6641088
0.6641088
0.6641088
0.6641088
0.6641088
0.6641088
0.7828533
0.9086857
1.0428432
1.1858721
1.3378647
1.4986529
1.6679379
1.8453694
2.0305892
2.2232535
2.4230436
2.6296702
2.8428749
3.0624314
3.2881471
3.5198666
3.7574778
4.0009233
4.2502194
4.5054883
4.7670150
5.0353488
5.3114946
5.5972973
5.8962932
6.2158777
6.5739401
7.0231780
7.7466912
9.3333333
3.0000000
2.9735268
2.9425546
2.9022406
2.8468517
2.7698611
2.6650759
2.5292645
2.3651742
2.1815410
1.9886720
1.7953932
1.6082512
1.4317444
1.2688085
1.1213042
0.9904506
0.8771951
0.7825299
0.7078693
0.6562006
0.6380420
0.7053013
0.7053013
0.7053013
0.7053013
0.7053013
0.7053013
0.7053013
0.7053013
0.7053013
0.7053013
0.7053013
0.7053013
0.7053013
0.7053013
0.7053013
0.7053013
0.7053013
0.7053013
0.7053013
0.7053013
0.7053013
0.7053013
0.7053013
0.7053013
0.7053013
0.7053013
0.7053013
0.7053013
0.7053013
0.7053013
0.7053013
0.7053013
0.7053013
0.7053013
0.7053013
0.7053013
0.7053013
0.7053013
0.7053013
0.7053013
0.7053013
0.7053013
0.7053013
0.7053013
0.7053013
0.7053013
0.7053013
0.7053013
0.7053013
0.7053013
0.7053013
0.7053013
0.7053013
0.7053013
0.7053013
0.7053013
0.7053013
0.7053013
0.7053013
0.7053013
0.7053013
0.7053013
0.7053013
0.7053013
0.7053013
0.7053013
0.7053013
0.7053013
0.7053013
0.7053013
0.7053013
0.7053013
0.7053013
0.7053013
0.7053013
0.7053013
0.7053013
0.7053013
0.7053013
0.7053013
0.7053013
0.8322609
0.9674751
1.1120519
1.2663035
1.4300832
1.6030191
1.7846531
1.9745161
2.1721633
2.3771894
2.5892329
2.8079767
3.0331462
3.2645090
3.5018749
3.7450983
3.9940844
4.2487986
4.5092847
4.7756946
5.0483389
5.3277781
5.6149882
5.9116892
6.2210484
6.5494239
6.9116900
7.3524220
8.0518029
10.0000000
3.2000000
3.1744584
3.1443189
3.1046020
3.0491732
2.9706691
2.8615875
2.7174360
2.5409319
2.3424539
2.1339354
1.9252070
1.7233505
1.5331484
1.3577001
1.1989710
1.0582541
0.9365533
0.8349024
0.7547304
0.6989617
0.6779225
0.7450648
0.7450648
0.7450648
0.7450648
0.7450648
0.7450648
0.7450648
0.7450648
0.7450648
0.7450648
0.7450648
0.7450648
0.7450648
0.7450648
0.7450648
0.7450648
0.7450648
0.7450648
0.7450648
0.7450648
0.7450648
0.7450648
0.7450648
0.7450648
0.7450648
0.7450648
0.7450648
0.7450648
0.7450648
0.7450648
0.7450648
0.7450648
0.7450648
0.7450648
0.7450648
0.7450648
0.7450648
0.7450648
0.7450648
0.7450648
0.7450648
0.7450648
0.7450648
0.7450648
0.7450648
0.7450648
0.7450648
0.7450648
0.7450648
0.7450648
0.7450648
0.7450648
0.7450648
0.7450648
0.7450648
0.7450648
0.7450648
0.7450648
0.7450648
0.7450648
0.7450648
0.7450648
0.7450648
0.7450648
0.7450648
0.7450648
0.7450648
0.7450648
0.7450648
0.7450648
0.7450648
0.7450648
0.7450648
0.7450648
0.7450648
0.7450648
0.7450648
0.7450648
0.7450648
0.7450648
0.7450648
0.8804005
1.0253875
1.1808605
1.3467839
1.5227024
1.7080065
1.9020669
2.1042956
2.3141666
2.5312208
2.7550619
2.9853525
3.2218086
3.4641971
3.7123346
3.9660889
4.2253840
4.4902092
4.7606359
5.0368446
5.3191717
5.6081891
5.9048496
6.2107642
6.5287779
6.8643286
7.2293903
7.6580613
8.2918245
10.0000000
3.4000000
3.3758198
3.3470320
3.3085963
3.2540319
3.1750958
3.0626997
2.9105869
2.7212107
2.5071030
2.2821678
2.0573370
1.8402255
1.6358787
1.4475423
1.2772768
1.1264455
0.9961064
0.8873302
0.8015464
0.7415750
0.7173687
0.7832450
0.7832450
0.7832450
0.7832450
0.7832450
0.7832450
0.7832450
0.7832450
0.7832450
0.7832450
0.7832450
0.7832450
0.7832450
0.7832450
0.7832450
0.7832450
0.7832450
0.7832450
0.7832450
0.7832450
0.7832450
0.7832450
0.7832450
0.7832450
0.7832450
0.7832450
0.7832450
0.7832450
0.7832450
0.7832450
0.7832450
0.7832450
0.7832450
0.7832450
0.7832450
0.7832450
0.7832450
0.7832450
0.7832450
0.7832450
0.7832450
0.7832450
0.7832450
0.7832450
0.7832450
0.7832450
0.7832450
0.7832450
0.7832450
0.7832450
0.7832450
0.7832450
0.7832450
0.7832450
0.7832450
0.7832450
0.7832450
0.7832450
0.7832450
0.7832450
0.7832450
0.7832450
0.7832450
0.7832450
0.7832450
0.7832450
0.7832450
0.7832450
0.7832450
0.7832450
0.7832450
0.7832450
0.7832450
0.7832450
0.7832450
0.7832450
0.7832450
0.7832450
0.7832450
0.7832450
0.7832450
0.9272515
1.0825834
1.2495861
1.4277359
1.6162006
1.8141092
2.0206612
2.2351591
2.4570089
2.6857102
2.9208441
3.1620624
3.4090798
3.6616690
3.9196578
4.1829301
4.4514299
4.7251700
5.0042475
5.2888689
5.5793930
5.8764018
6.1808284
6.4941928
6.8190787
7.1602069
7.5273698
7.9465660
8.5246247
10.0000000
3.6000000
3.5776058
3.5506998
3.5142769
3.4616024
3.3835515
3.2691426
3.1096345
2.9067793
2.6760483
2.4337680
2.1920694
1.9590828
1.7400828
1.5384370
1.3562883
1.1950647
1.0558752
0.9398213
0.8483196
0.7840436
0.7563819
0.8196677
0.8196677
0.8196677
0.8196677
0.8196677
0.8196677
0.8196677
0.8196677
0.8196677
0.8196677
0.8196677
0.8196677
0.8196677
0.8196677
0.8196677
0.8196677
0.8196677
0.8196677
0.8196677
0.8196677
0.8196677
0.8196677
0.8196677
0.8196677
0.8196677
0.8196677
0.8196677
0.8196677
0.8196677
0.8196677
0.8196677
0.8196677
0.8196677
0.8196677
0.8196677
0.8196677
0.8196677
0.8196677
0.8196677
0.8196677
0.8196677
0.8196677
0.8196677
0.8196677
0.8196677
0.8196677
0.8196677
0.8196677
0.8196677
0.8196677
0.8196677
0.8196677
0.8196677
0.8196677
0.8196677
0.8196677
0.8196677
0.8196677
0.8196677
0.8196677
0.8196677
0.8196677
0.8196677
0.8196677
0.8196677
0.8196677
0.8196677
0.8196677
0.8196677
0.8196677
0.8196677
0.8196677
0.8196677
0.8196677
0.8196677
0.8196677
0.8196677
0.8196677
0.8196677
0.8196677
0.8196677
0.9728404
1.1393310
1.3186819
1.5097212
1.7111833
1.9219318
2.1410112
2.3676367
2.6011674
2.8410799
3.0869473
3.3384228
3.5952293
3.8571515
4.1240330
4.3957758
4.6723440
4.9537720
5.2401785
5.5317907
5.8289826
6.1323403
6.4427739
6.7617209
7.0915437
7.4363896
7.8043942
8.2154651
8.7471716
10.0000000
3.8000000
3.7798044
3.7553132
3.7216769
3.6720484
3.5964926
3.4818261
3.3157975
3.0986167
2.8499720
2.5892057
2.3297334
2.0801559
1.8459254
1.6304972
1.4360787
1.2641552
1.1158819
0.9923847
0.8950527
0.8263724
0.7949704
0.8541319
0.8541319
0.8541319
0.8541319
0.8541319
0.8541319
0.8541319
0.8541319
0.8541319
0.8541319
0.8541319
0.8541319
0.8541319
0.8541319
0.8541319
0.8541319
0.8541319
0.8541319
0.8541319
0.8541319
0.8541319
0.8541319
0.8541319
0.8541319
0.8541319
0.8541319
0.8541319
0.8541319
0.8541319
0.8541319
0.8541319
0.8541319
0.8541319
0.8541319
0.8541319
0.8541319
0.8541319
0.8541319
0.8541319
0.8541319
0.8541319
0.8541319
0.8541319
0.8541319
0.8541319
0.8541319
0.8541319
0.8541319
0.8541319
0.8541319
0.8541319
0.8541319
0.8541319
0.8541319
0.8541319
0.8541319
0.8541319
0.8541319
0.8541319
0.8541319
0.8541319
0.8541319
0.8541319
0.8541319
0.8541319
0.8541319
0.8541319
0.8541319
0.8541319
0.8541319
0.8541319
0.8541319
0.8541319
0.8541319
0.8541319
0.8541319
0.8541319
0.8541319
0.8541319
0.8541319
0.8541319
1.0172717
1.1960522
1.3887780
1.5934684
1.8083998
2.0321972
2.2637887
2.5023377
2.7471858
2.9978097
3.2537922
3.5148015
3.7805778
4.0509250
4.3257061
4.6048427
4.8883178
5.1761834
5.4685740
5.7657283
6.0680250
6.3760416
6.6906527
7.0132072
7.3458619
7.6922776
8.0592955
8.4623237
8.9557634
10.0000000
4.0000000
3.9823960
3.9608466
3.9308038
3.8855143
3.8144245
3.7019169
3.5307795
3.2980133
3.0297254
2.7490442
2.4707122
2.2037112
1.9535919
1.7238486
1.5167291
1.3337645
1.1761509
1.0450304
0.9417492
0.8685680
0.8331515
0.8864001
0.8864001
0.8864001
0.8864001
0.8864001
0.8864001
0.8864001
0.8864001
0.8864001
0.8864001
0.8864001
0.8864001
0.8864001
0.8864001
0.8864001
0.8864001
0.8864001
0.8864001
0.8864001
0.8864001
0.8864001
0.8864001
0.8864001
0.8864001
0.8864001
0.8864001
0.8864001
0.8864001
0.8864001
0.8864001
0.8864001
0.8864001
0.8864001
0.8864001
0.8864001
0.8864001
0.8864001
0.8864001
0.8864001
0.8864001
0.8864001
0.8864001
0.8864001
0.8864001
0.8864001
0.8864001
0.8864001
0.8864001
0.8864001
0.8864001
0.8864001
0.8864001
0.8864001
0.8864001
0.8864001
0.8864001
0.8864001
0.8864001
0.8864001
0.8864001
0.8864001
0.8864001
0.8864001
0.8864001
0.8864001
0.8864001
0.8864001
0.8864001
0.8864001
0.8864001
0.8864001
0.8864001
0.8864001
0.8864001
0.8864001
0.8864001
0.8864001
0.8864001
0.8864001
0.8864001
0.8864001
1.0607791
1.2533871
1.4607311
1.6799022
1.9087565
2.1457510
2.3897610
2.6399478
2.8956712
3.1564348
3.4218504
3.6916149
3.9654960
4.2433224
4.5249801
4.8104101
5.0996120
5.3926501
5.6896660
5.9908984
6.2967151
6.6076655
6.9245671
7.2486570
7.5818725
7.9274173
8.2910522
8.6848361
9.1460195
10.0000000
4.2000000
4.1853531
4.1672555
4.1416337
4.1021131
4.0379036
3.9309561
3.7571310
3.5067431
3.2164030
2.9139729
2.6154594
2.3300563
2.0632923
1.8186321
1.5983289
1.4039450
1.2367087
1.0977690
0.9884125
0.9106383
0.8709528
0.9161822
0.9161822
0.9161822
0.9161822
0.9161822
0.9161822
0.9161822
0.9161822
0.9161822
0.9161822
0.9161822
0.9161822
0.9161822
0.9161822
0.9161822
0.9161822
0.9161822
0.9161822
0.9161822
0.9161822
0.9161822
0.9161822
0.9161822
0.9161822
0.9161822
0.9161822
0.9161822
0.9161822
0.9161822
0.9161822
0.9161822
0.9161822
0.9161822
0.9161822
0.9161822
0.9161822
0.9161822
0.9161822
0.9161822
0.9161822
0.9161822
0.9161822
0.9161822
0.9161822
0.9161822
0.9161822
0.9161822
0.9161822
0.9161822
0.9161822
0.9161822
0.9161822
0.9161822
0.9161822
0.9161822
0.9161822
0.9161822
0.9161822
0.9161822
0.9161822
0.9161822
0.9161822
0.9161822
0.9161822
0.9161822
0.9161822
0.9161822
0.9161822
0.9161822
0.9161822
0.9161822
0.9161822
0.9161822
0.9161822
0.9161822
0.9161822
0.9161822
0.9161822
0.9161822
0.9161822
0.9161822
1.1038105
1.3122832
1.5356791
1.7701677
2.0133230
2.2635587
2.5197859
2.7812229
3.0472886
3.3175412
3.5916409
3.8693270
4.1504033
4.4347292
4.7222148
5.0128204
5.3065577
5.6034967
5.9037755
6.2076182
6.5153628
6.8275056
7.1447748
7.4682572
7.7996280
8.1416033
8.4989314
8.8810162
9.3130790
10.0000000
4.4000000
4.3886401
4.3744746
4.3541037
4.3219105
4.2675317
4.1710539
3.9990511
3.7273839
3.4114650
3.0848580
2.7645201
2.4595499
2.1752671
1.9150064
1.6809782
1.4747544
1.2975846
1.1506124
1.0350468
0.9525924
0.9084154
0.9431082
0.9431082
0.9431082
0.9431082
0.9431082
0.9431082
0.9431082
0.9431082
0.9431082
0.9431082
0.9431082
0.9431082
0.9431082
0.9431082
0.9431082
0.9431082
0.9431082
0.9431082
0.9431082
0.9431082
0.9431082
0.9431082
0.9431082
0.9431082
0.9431082
0.9431082
0.9431082
0.9431082
0.9431082
0.9431082
0.9431082
0.9431082
0.9431082
0.9431082
0.9431082
0.9431082
0.9431082
0.9431082
0.9431082
0.9431082
0.9431082
0.9431082
0.9431082
0.9431082
0.9431082
0.9431082
0.9431082
0.9431082
0.9431082
0.9431082
0.9431082
0.9431082
0.9431082
0.9431082
0.9431082
0.9431082
0.9431082
0.9431082
0.9431082
0.9431082
0.9431082
0.9431082
0.9431082
0.9431082
0.9431082
0.9431082
0.9431082
0.9431082
0.9431082
0.9431082
0.9431082
0.9431082
0.9431082
0.9431082
0.9431082
0.9431082
0.9431082
0.9431082
0.9431082
0.9431082
0.9431082
1.1471726
1.3741135
1.6150939
1.8656412
2.1233260
2.3866953
2.6548005
2.9269806
3.2027540
3.4817603
3.7637266
4.0484464
4.3357671
4.6255822
4.9178273
5.2124791
5.5095568
5.8091272
6.1113133
6.4163083
6.7243983
7.0359976
7.3517071
7.6724125
7.9994613
8.3350025
8.6827111
9.0495873
9.4523346
10.0000000
4.6000000
4.5922130
4.5824162
4.5681054
4.5449047
4.5039457
4.4252258
4.2644990
3.9639909
3.6169655
3.2628252
2.9185649
2.5926174
2.2897942
2.0131519
1.7647891
1.5462571
1.3588108
1.2035735
1.0816563
0.9944402
0.9455977
0.9666736
0.9666736
0.9666736
0.9666736
0.9666736
0.9666736
0.9666736
0.9666736
0.9666736
0.9666736
0.9666736
0.9666736
0.9666736
0.9666736
0.9666736
0.9666736
0.9666736
0.9666736
0.9666736
0.9666736
0.9666736
0.9666736
0.9666736
0.9666736
0.9666736
0.9666736
0.9666736
0.9666736
0.9666736
0.9666736
0.9666736
0.9666736
0.9666736
0.9666736
0.9666736
0.9666736
0.9666736
0.9666736
0.9666736
0.9666736
0.9666736
0.9666736
0.9666736
0.9666736
0.9666736
0.9666736
0.9666736
0.9666736
0.9666736
0.9666736
0.9666736
0.9666736
0.9666736
0.9666736
0.9666736
0.9666736
0.9666736
0.9666736
0.9666736
0.9666736
0.9666736
0.9666736
0.9666736
0.9666736
0.9666736
0.9666736
0.9666736
0.9666736
0.9666736
0.9666736
0.9666736
0.9666736
0.9666736
0.9666736
0.9666736
0.9666736
0.9666736
0.9666736
0.9666736
0.9666736
0.9666736
1.1922861
1.4408194
1.7008109
1.9679167
2.2401270
2.5163248
2.7958057
3.0780880
3.3628261
3.6497646
3.9387120
4.2295257
4.5221022
4.8163713
5.1122930
5.4098569
5.7090833
6.0100269
6.3127822
6.6174947
6.9243756
7.2337273
7.5459831
7.8617738
8.1820455
8.5082805
8.8429546
9.1906165
9.5611927
10.0000000
4.8000000
4.7960196
4.7909696
4.7834776
4.7710029
4.7478142
4.6981281
4.5725493
4.2238902
3.8360515
3.4494133
3.0784428
2.7297712
2.4071982
2.1132752
1.8498882
1.6185243
1.4204225
1.2566663
1.1282456
1.0361916
0.9825823
0.9861140
0.9861140
0.9861140
0.9861140
0.9861140
0.9861140
0.9861140
0.9861140
0.9861140
0.9861140
0.9861140
0.9861140
0.9861140
0.9861140
0.9861140
0.9861140
0.9861140
0.9861140
0.9861140
0.9861140
0.9861140
0.9861140
0.9861140
0.9861140
0.9861140
0.9861140
0.9861140
0.9861140
0.9861140
0.9861140
0.9861140
0.9861140
0.9861140
0.9861140
0.9861140
0.9861140
0.9861140
0.9861140
0.9861140
0.9861140
0.9861140
0.9861140
0.9861140
0.9861140
0.9861140
0.9861140
0.9861140
0.9861140
0.9861140
0.9861140
0.9861140
0.9861140
0.9861140
0.9861140
0.9861140
0.9861140
0.9861140
0.9861140
0.9861140
0.9861140
0.9861140
0.9861140
0.9861140
0.9861140
0.9861140
0.9861140
0.9861140
0.9861140
0.9861140
0.9861140
0.9861140
0.9861140
0.9861140
0.9861140
0.9861140
0.9861140
0.9861140
0.9861140
0.9861140
0.9861140
0.9861140
1.2416723
1.5150358
1.7949948
2.0787549
2.3651833
2.6536733
2.9438474
3.2354501
3.5282996
3.8222628
4.1172411
4.4131618
4.7099733
5.0076416
5.3061488
5.6054926
5.9056873
6.2067650
6.5087795
6.8118110
7.1159747
7.4214329
7.7284152
8.0372513
8.3484263
8.6626825
8.9812184
9.3061283
9.6415673
10.0000000
5.0000000
5.0000000
5.0000000
5.0000000
5.0000000
5.0000000
5.0000000
5.0000000
4.5264568
4.0747082
3.6469551
3.2452816
2.8716445
2.5278640
2.2156152
1.9364193
1.6916363
1.4824590
1.3099064
1.1748192
1.0778555
1.0194876
1.0000000
1.0000000
1.0000000
1.0000000
1.0000000
1.0000000
1.0000000
1.0000000
1.0000000
1.0000000
1.0000000
1.0000000
1.0000000
1.0000000
1.0000000
1.0000000
1.0000000
1.0000000
1.0000000
1.0000000
1.0000000
1.0000000
1.0000000
1.0000000
1.0000000
1.0000000
1.0000000
1.0000000
1.0000000
1.0000000
1.0000000
1.0000000
1.0000000
1.0000000
1.0000000
1.0000000
1.0000000
1.0000000
1.0000000
1.0000000
1.0000000
1.0000000
1.0000000
1.0000000
1.0000000
1.0000000
1.0000000
1.0000000
1.0000000
1.0000000
1.0000000
1.0000000
1.0000000
1.0000000
1.0000000
1.0000000
1.0000000
1.0000000
1.0000000
1.0000000
1.0000000
1.0000000
1.0000000
1.0000000
1.0000000
1.0000000
1.0000000
1.0000000
1.0000000
1.0000000
1.0000000
1.0000000
1.0000000
1.0000000
1.0000000
1.0000000
1.0000000
1.0000000
1.0000000
1.0000000
1.0000000
1.3000000
1.6000000
1.9000000
2.2000000
2.5000000
2.8000000
3.1000000
3.4000000
3.7000000
4.0000000
4.3000000
4.6000000
4.9000000
5.2000000
5.5000000
5.8000000
6.1000000
6.4000000
6.7000000
7.0000000
7.3000000
7.6000000
7.9000000
8.2000000
8.5000000
8.8000000
9.1000000
9.4000000
9.7000000
10.0000000
