1.0000000000000000 0.0000000000000000 0.0000000000000000 0.0000000000000000 0.0000000000000000 0.0000000000000000 0.0000000000000000 0.0000000000000000 0.0000000000000000 0.0000000000000000 0.0000000000000000 0.0000000000000000 0.0000000000000000 0.0000000000000000 0.0000000000000000 
-1.7320508075688783 3.4641016151377566 0.0000000000000000 0.0000000000000000 0.0000000000000000 0.0000000000000000 0.0000000000000000 0.0000000000000000 0.0000000000000000 0.0000000000000000 0.0000000000000000 0.0000000000000000 0.0000000000000000 0.0000000000000000 0.0000000000000000 
-1.7320508075688770 0.0000000000000002 3.4641016151377539 0.0000000000000000 0.0000000000000000 0.0000000000000000 0.0000000000000000 0.0000000000000000 0.0000000000000000 0.0000000000000000 0.0000000000000000 0.0000000000000000 0.0000000000000000 0.0000000000000000 0.0000000000000000 
2.2360679774997942 -13.4164078649987480 -0.0000000000000020 13.4164078649987460 0.0000000000000000 0.0000000000000000 0.0000000000000000 0.0000000000000000 0.0000000000000000 0.0000000000000000 0.0000000000000000 0.0000000000000000 0.0000000000000000 0.0000000000000000 0.0000000000000000 
3.0000000000000044 -6.0000000000000115 -6.0000000000000036 0.0000000000000075 12.0000000000000050 0.0000000000000000 0.0000000000000000 0.0000000000000000 0.0000000000000000 0.0000000000000000 0.0000000000000000 0.0000000000000000 0.0000000000000000 0.0000000000000000 0.0000000000000000 
2.2360679774997827 0.0000000000000204 -13.4164078649987300 -0.0000000000000050 -0.0000000000000281 13.4164078649987420 0.0000000000000000 0.0000000000000000 0.0000000000000000 0.0000000000000000 0.0000000000000000 0.0000000000000000 0.0000000000000000 0.0000000000000000 0.0000000000000000 
-2.6457513110646165 31.7490157327752380 -0.0000000000000342 -79.3725393319379290 -0.0000000000000986 0.0000000000000887 52.9150262212919100 0.0000000000000000 0.0000000000000000 0.0000000000000000 0.0000000000000000 0.0000000000000000 0.0000000000000000 0.0000000000000000 0.0000000000000000 
-3.8729833462077683 23.2379000772488700 7.7459666924146742 -23.2379000772552830 -46.4758001544891000 0.0000000000002015 0.0000000000071693 46.4758001544890150 0.0000000000000000 0.0000000000000000 0.0000000000000000 0.0000000000000000 0.0000000000000000 0.0000000000000000 0.0000000000000000 
-3.8729833462078327 7.7459666924190413 23.2379000772446850 -0.0000000000088334 -46.4758001544912820 -23.2379000772442980 0.0000000000051663 0.0000000000022257 46.4758001544890290 0.0000000000000000 0.0000000000000000 0.0000000000000000 0.0000000000000000 0.0000000000000000 0.0000000000000000 
-2.6457513110641004 -0.0000000000000403 31.7490157327718630 -0.0000000000029868 0.0000000000065369 -79.3725393319347180 0.0000000000022368 -0.0000000000006399 -0.0000000000058148 52.9150262212918890 0.0000000000000000 0.0000000000000000 0.0000000000000000 0.0000000000000000 0.0000000000000000 
3.0000000000056342 -60.0000000000018400 -0.0000000000390366 269.9999999999577700 0.0000000000791706 0.0000000000513980 -419.9999999999574800 -0.0000000000384244 -0.0000000000403037 -0.0000000000211126 209.9999999999988600 0.0000000000000000 0.0000000000000000 0.0000000000000000 0.0000000000000000 
4.5825756949595062 -54.9909083394991360 -9.1651513899250574 137.4772708487676600 109.9818166789620900 0.0000000000177466 -91.6515138992369170 -274.9545416973501200 -0.0000000000219976 -0.0000000000049468 0.0000000000511336 183.3030277982338700 0.0000000000000000 0.0000000000000000 0.0000000000000000 
5.0000000000116405 -30.0000000002391650 -29.9999999999896940 30.0000000010800210 179.9999999999631400 29.9999999999759550 -0.0000000016964194 -179.9999999998741500 -180.0000000000127900 0.0000000000196455 0.0000000008545578 -0.0000000000843951 180.0000000000002000 0.0000000000000000 0.0000000000000000 
4.5825756949737464 -9.1651513902263932 -54.9909083394715670 0.0000000012332997 109.9818166791117000 137.4772708486417200 -0.0000000017408744 -0.0000000003518889 -274.9545416973947500 -91.6515138990905460 0.0000000008104080 0.0000000001994571 0.0000000000447303 183.3030277982341500 0.0000000000000000 
2.9999999999850271 -0.0000000000271672 -59.9999999998374560 0.0000000005028987 -0.0000000006947384 269.9999999997338000 -0.0000000009454740 0.0000000005934442 0.0000000008927251 -419.9999999998787000 0.0000000004912723 -0.0000000001010318 -0.0000000004441229 -0.0000000002850326 209.9999999999991500 
