15
-0.987992518020485
-0.937273392400706
-0.848206583410427
-0.724417731360170
-0.570972172608539
-0.394151347077563
-0.201194093997434
-0.000000000000000
0.201194093997434
0.394151347077563
0.570972172608539
0.724417731360170
0.848206583410427
0.937273392400706
0.987992518020485
0.030753241996118
0.070366047488108
0.107159220467172
0.139570677926154
0.166269205816994
0.186161000015562
0.198431485327112
0.202578241925561
0.198431485327112
0.186161000015562
0.166269205816994
0.139570677926154
0.107159220467172
0.070366047488108
0.030753241996118
