17
-0.990575475314417360
-0.950675521768767680
-0.880239153726986020
-0.781514003896801370
-0.657671159216690840
-0.512690537086476940
-0.351231763453876300
-0.178484181495847830
-0.000000000000000000
0.178484181495847830
0.351231763453876300
0.512690537086476940
0.657671159216690840
0.781514003896801370
0.880239153726986020
0.950675521768767680
0.990575475314417360
0.024148302868547914
0.055459529373987251
0.085036148317179192
0.111883847193403980
0.135136368468525610
0.154045761076810340
0.168004102156450040
0.176562705366992560
0.179446470356206510
0.176562705366992560
0.168004102156450040
0.154045761076810340
0.135136368468525610
0.111883847193403980
0.085036148317179192
0.055459529373987251
0.024148302868547914
