18
-0.991565168420931010
-0.955823949571397820
-0.892602466497555810
-0.803704958972523140
-0.691687043060353220
-0.559770831073947540
-0.411751161462842630
-0.251886225691505540
-0.084775013041735292
0.084775013041735292
0.251886225691505540
0.411751161462842630
0.559770831073947540
0.691687043060353220
0.803704958972523140
0.892602466497555810
0.955823949571397820
0.991565168420931010
0.021616013526483149
0.049714548894969797
0.076425730254888982
0.100942044106287240
0.122555206711478320
0.140642914670650570
0.154684675126265330
0.164276483745832730
0.169142382963143570
0.169142382963143570
0.164276483745832730
0.154684675126265330
0.140642914670650570
0.122555206711478320
0.100942044106287240
0.076425730254888982
0.049714548894969797
0.021616013526483149
