19
-0.992406843843584460
-0.960208152134830020
-0.903155903614817790
-0.822714656537142820
-0.720966177335229390
-0.600545304661681100
-0.464570741375960990
-0.316564099963629770
-0.160358645640225390
-0.000000000000000000
0.160358645640225390
0.316564099963629770
0.464570741375960990
0.600545304661681100
0.720966177335229390
0.822714656537142820
0.903155903614817790
0.960208152134830020
0.992406843843584460
0.019461788229726260
0.044814226765699600
0.069044542737641337
0.091490021622450110
0.111566645547334030
0.128753962539336130
0.142606702173606600
0.152766042065859590
0.158968843393954400
0.161054449848783670
0.158968843393954400
0.152766042065859590
0.142606702173606600
0.128753962539336130
0.111566645547334030
0.091490021622450110
0.069044542737641337
0.044814226765699600
0.019461788229726260
