20
-0.993128599185094880
-0.963971927277913920
-0.912234428251325950
-0.839116971822218890
-0.746331906460150800
-0.636053680726515140
-0.510867001950827020
-0.373706088715419550
-0.227785851141645070
-0.076526521133497338
0.076526521133497338
0.227785851141645070
0.373706088715419550
0.510867001950827020
0.636053680726515140
0.746331906460150800
0.839116971822218890
0.912234428251325950
0.963971927277913920
0.993128599185094880
0.017614007139152260
0.040601429800386821
0.062672048334108998
0.083276741576704769
0.101930119817240410
0.118194531961518380
0.131688638449176690
0.142096109318382070
0.149172986472603690
0.152753387130725920
0.152753387130725920
0.149172986472603690
0.142096109318382070
0.131688638449176690
0.118194531961518380
0.101930119817240410
0.083276741576704769
0.062672048334108998
0.040601429800386821
0.017614007139152260
