21
-0.993752170620389560
-0.967226838566306310
-0.920099334150400900
-0.853363364583317190
-0.768439963475678000
-0.667138804197412230
-0.551618835887219830
-0.424342120207438780
-0.288021316802401060
-0.145561854160895070
-0.000000000000000000
0.145561854160895070
0.288021316802401060
0.424342120207438780
0.551618835887219830
0.667138804197412230
0.768439963475678000
0.853363364583317190
0.920099334150400900
0.967226838566306310
0.993752170620389560
0.016017228257774161
0.036953789770852515
0.057134425426857281
0.076100113628379429
0.093444423456033751
0.108797299167148350
0.121831416053728490
0.132268938633337410
0.139887394791073180
0.144524403989970160
0.146081133649690530
0.144524403989970160
0.139887394791073180
0.132268938633337410
0.121831416053728490
0.108797299167148350
0.093444423456033751
0.076100113628379429
0.057134425426857281
0.036953789770852515
0.016017228257774161
