24
-0.995187219997021310
-0.974728555971309470
-0.938274552002732690
-0.886415527004400960
-0.820001985973902950
-0.740124191578554360
-0.648093651936975550
-0.545421471388839450
-0.433793507626045180
-0.315042679696163400
-0.191118867473616340
-0.064056892862605630
0.064056892862605630
0.191118867473616340
0.315042679696163400
0.433793507626045180
0.545421471388839450
0.648093651936975550
0.740124191578554360
0.820001985973902950
0.886415527004400960
0.938274552002732690
0.974728555971309470
0.995187219997021310
0.012341229799987330
0.028531388628933802
0.044277438817419815
0.059298584915436901
0.073346481411080244
0.086190161531953247
0.097618652104113912
0.107444270115965560
0.115505668053725520
0.121670472927803380
0.125837456346828190
0.127938195346752210
0.127938195346752210
0.125837456346828190
0.121670472927803380
0.115505668053725520
0.107444270115965560
0.097618652104113912
0.086190161531953247
0.073346481411080244
0.059298584915436901
0.044277438817419815
0.028531388628933802
0.012341229799987330
