25
-0.995556969790498010
-0.976663921459517410
-0.942974571228974320
-0.894991997878275440
-0.833442628760834080
-0.759259263037357580
-0.673566368473468290
-0.577662930241223060
-0.473002731445715030
-0.361172305809387860
-0.243866883720988470
-0.122864692610710400
-0.000000000000000000
0.122864692610710400
0.243866883720988470
0.361172305809387860
0.473002731445715030
0.577662930241223060
0.673566368473468290
0.759259263037357580
0.833442628760834080
0.894991997878275440
0.942974571228974320
0.976663921459517410
0.995556969790498010
0.011393798501026524
0.026354986615032328
0.040939156701306240
0.054904695975835069
0.068038333812356896
0.080140700335001050
0.091028261982963710
0.100535949067050530
0.108519624474263650
0.114858259145711540
0.119455763535784730
0.122242442990310050
0.123176053726715430
0.122242442990310050
0.119455763535784730
0.114858259145711540
0.108519624474263650
0.100535949067050530
0.091028261982963710
0.080140700335001050
0.068038333812356896
0.054904695975835069
0.040939156701306240
0.026354986615032328
0.011393798501026524
