27
-0.950900557814704950
-0.909482320677491130
-0.856207908018294490
-0.791771639070508290
-0.717013473739423590
-0.632907971946495170
-0.540551564579456970
-0.441148251750026920
-0.335993903638508900
-0.226459365439536870
-0.113972585609529970
-0.000000000000000000
0.113972585609529970
0.226459365439536870
0.335993903638508900
0.441148251750026920
0.540551564579456970
0.632907971946495170
0.717013473739423590
0.791771639070508290
0.856207908018294490
0.909482320677491130
0.950900557814704950
0.036482185870500491
0.049042571624246224
0.060963965145890461
0.072090706787505024
0.082277676835359914
0.091392050096304883
0.099314997678420502
0.105943227686861670
0.111190328936223940
0.114987896346361040
0.117286422235234650
0.118055941514182190
0.117286422235234650
0.114987896346361040
0.111190328936223940
0.105943227686861670
0.099314997678420502
0.091392050096304883
0.082277676835359914
0.072090706787505024
0.060963965145890461
0.049042571624246224
0.036482185870500491
