29
-0.957285595778087690
-0.921180232953058730
-0.874637804920102900
-0.818185487615252340
-0.752462851734477130
-0.678214537602686460
-0.596281797138227710
-0.507592955124227530
-0.413152888174008640
-0.314031637867639880
-0.211352286166001050
-0.106278230132679230
-0.000000000000000000
0.106278230132679230
0.211352286166001100
0.314031637867639880
0.413152888174008640
0.507592955124227530
0.596281797138227710
0.678214537602686460
0.752462851734477130
0.818185487615252560
0.874637804920102900
0.921180232953058730
0.957285595778087690
0.031634124227356536
0.042605628445194173
0.053094698451556073
0.062982276282887398
0.072156275071116563
0.080512730364959678
0.087956952339557540
0.094404591397034471
0.099782591415188845
0.104030016546223530
0.107098741233780940
0.108953995305104650
0.109574757840079670
0.108953995305104650
0.107098741233780890
0.104030016546223530
0.099782591415188845
0.094404591397034471
0.087956952339557540
0.080512730364959678
0.072156275071116563
0.062982276282887106
0.053094698451556073
0.042605628445194173
0.031634124227356536
