31
-0.962503925092949690
-0.930756997896648120
-0.889760029948271080
-0.839920320146267270
-0.781733148416625000
-0.715776784586853230
-0.642706722924259790
-0.563249161407149310
-0.478193782044902480
-0.388385901608232940
-0.294718069981701580
-0.198121199335570650
-0.099555312152341535
-0.000000000000000000
0.099555312152341535
0.198121199335570650
0.294718069981701580
0.388385901608232940
0.478193782044902480
0.563249161407149310
0.642706722924260900
0.715776784586853230
0.781733148416625000
0.839920320146267270
0.889760029948271080
0.930756997896648120
0.962503925092949690
0.027695577381321050
0.037358367381185927
0.046650138924093150
0.055478360602616690
0.063755244149173995
0.071398513279612635
0.078332198912726497
0.084487387838233619
0.089802905455925661
0.094225922921891511
0.097712481826468134
0.100227930905612840
0.101747270338460230
0.102255400165355740
0.101747270338460230
0.100227930905612840
0.097712481826468134
0.094225922921891511
0.089802905455925661
0.084487387838233619
0.078332198912726386
0.071398513279612635
0.063755244149173995
0.055478360602616690
0.046650138924093150
0.037358367381185927
0.027695577381321050
