32
-0.964762255587506390
-0.934906075937739670
-0.896321155766052200
-0.849367613732569860
-0.794483795967942500
-0.732182118740289710
-0.663044266930215230
-0.587715757240762300
-0.506899908932229470
-0.421351276130635390
-0.331868602282127670
-0.239287362252137090
-0.144471961582796460
-0.048307665687738310
0.048307665687738310
0.144471961582796460
0.239287362252137090
0.331868602282127670
0.421351276130635390
0.506899908932229470
0.587715757240762300
0.663044266930215230
0.732182118740289710
0.794483795967942500
0.849367613732569860
0.896321155766052200
0.934906075937739670
0.964762255587506390
0.025997628185833260
0.035091243412166691
0.043857470285487317
0.052214286894525737
0.060083621560359977
0.067391984592948775
0.074071133369550554
0.080058703548330015
0.085298789331186384
0.089742464659121696
0.093348239685258350
0.096082447997476464
0.097919560874909634
0.098842425602845119
0.098842425602845119
0.097919560874909634
0.096082447997476464
0.093348239685258350
0.089742464659121696
0.085298789331186384
0.080058703548330015
0.074071133369550554
0.067391984592948775
0.060083621560359977
0.052214286894525737
0.043857470285487317
0.035091243412166691
0.025997628185833260
