33
-0.966822909689992740
-0.938694372611168280
-0.902316767743433610
-0.858009652676503980
-0.806162356274166660
-0.747230496449562190
-0.681731959969742900
-0.610242345836379040
-0.533389904786347730
-0.451850017272450670
-0.366339257748073300
-0.277609097152497040
-0.186439298827991600
-0.093631065854733381
-0.000000000000000000
0.093631065854733408
0.186439298827991600
0.277609097152497040
0.366339257748073300
0.451850017272450670
0.533389904786347730
0.610242345836379040
0.681731959969742900
0.747230496449562190
0.806162356274166660
0.858009652676503980
0.902316767743433610
0.938694372611168280
0.966822909689992740
0.024451723773395464
0.033024517928633361
0.041307325446124352
0.049227193234576194
0.056714477692217408
0.063703365427437847
0.070132431829700054
0.075945175282828445
0.081090511809657553
0.085523223265488502
0.089204354400795993
0.092101555053853715
0.094189364371773512
0.095449434523325355
0.095870691920384610
0.095449434523325383
0.094189364371773512
0.092101555053853715
0.089204354400795993
0.085523223265488502
0.081090511809657553
0.075945175282828445
0.070132431829700054
0.063703365427437847
0.056714477692217408
0.049227193234576194
0.041307325446124352
0.033024517928633361
0.024451723773395464
