37
-0.973493030056485690
-0.950972343262094900
-0.921781437412463770
-0.886124962155486080
-0.844252987340555980
-0.796459200509902270
-0.743078833981965170
-0.684486309130959420
-0.621092608408924550
-0.553342391861581850
-0.481710877803205540
-0.406700509318326130
-0.328837429883707010
-0.248667792791365750
-0.166753930239851970
-0.083670408954769904
-0.000000000000000000
0.083670408954769904
0.166753930239851970
0.248667792791365750
0.328837429883707010
0.406700509318326130
0.481710877803205540
0.553342391861581850
0.621092608408924550
0.684486309130959420
0.743078833981965170
0.796459200509902270
0.844252987340555980
0.886124962155486080
0.921781437412463770
0.950972343262094900
0.973493030056485690
0.019469999962206941
0.026347428880489972
0.033040235071076660
0.039501343607472345
0.045685399957117526
0.051549015633690812
0.057051056827789257
0.062152928499793057
0.066818843595705738
0.071016073485938414
0.074715177282869139
0.077890208230541699
0.080518895644049640
0.082582801091549154
0.084067447709664150
0.084962421738746213
0.085261445562598320
0.084962421738746213
0.084067447709664150
0.082582801091549154
0.080518895644049640
0.077890208230541699
0.074715177282869139
0.071016073485938414
0.066818843595705738
0.062152928499793057
0.057051056827789257
0.051549015633690812
0.045685399957117526
0.039501343607472345
0.033040235071076660
0.026347428880489972
0.019469999962206941
