38
-0.974846328590153630
-0.953466330933529620
-0.925741332048584330
-0.891855739004632220
-0.852035021932362250
-0.806544167605316890
-0.755685903753970710
-0.699798680379184470
-0.639254415829681790
-0.574456021047807130
-0.505834717927931000
-0.433847169432376440
-0.358972440479435000
-0.281708809790165220
-0.202570453892116700
-0.122084025337867410
-0.040785147904578253
0.040785147904578253
0.122084025337867410
0.202570453892116700
0.281708809790165220
0.358972440479435000
0.433847169432376440
0.505834717927931000
0.574456021047807130
0.639254415829681790
0.699798680379184470
0.755685903753970710
0.806544167605316890
0.852035021932362250
0.891855739004632220
0.925741332048584330
0.953466330933529620
0.974846328590153630
0.018463371092894178
0.024995065888075464
0.031360598455930817
0.037517484324225664
0.043424717748049846
0.049042975910310822
0.054334865723348807
0.059265168475184600
0.063801072782575047
0.067912392394346904
0.071571766838878212
0.074754843392724854
0.077440439088580476
0.079610681655172100
0.081251128438144637
0.082350862504384711
0.082902565287172644
0.082902565287172644
0.082350862504384711
0.081251128438144637
0.079610681655172100
0.077440439088580476
0.074754843392724854
0.071571766838878212
0.067912392394346904
0.063801072782575047
0.059265168475184600
0.054334865723348807
0.049042975910310822
0.043424717748049846
0.037517484324225664
0.031360598455930817
0.024995065888075464
0.018463371092894178
