43
-0.980278220980255410
-0.963486613014080010
-0.941671956847637940
-0.914947907206138610
-0.883453765218616960
-0.847353716209314990
-0.806835964136938700
-0.762111747194955220
-0.713414235268956980
-0.660997313751498170
-0.605134259639600990
-0.546116316660084640
-0.484251176785734700
-0.419861376029269210
-0.353282612864303850
-0.284861998032913680
-0.214956244860518230
-0.143929809510713320
-0.072152990874586237
-0.000000000000000000
0.072152990874586237
0.143929809510713320
0.214956244860518230
0.284861998032913680
0.353282612864303850
0.419861376029269210
0.484251176785734700
0.546116316660084640
0.605134259639600990
0.660997313751498170
0.713414235268956980
0.762111747194955220
0.806835964136938700
0.847353716209314990
0.883453765218616960
0.914947907206138610
0.941671956847637940
0.963486613014080010
0.980278220980255410
0.014436773562823756
0.019574834017914509
0.024610977354799776
0.029518851638861861
0.034272844021702650
0.038848160705834169
0.043220944603452376
0.047368396444500874
0.051268892534238483
0.054902097060247734
0.058249067929517881
0.061292355437566011
0.064016093200015250
0.066406080849768831
0.068449858058497709
0.070136769491726508
0.071458020356471891
0.072406722250582561
0.072977929074068290
0.073168662814817736
0.072977929074068290
0.072406722250582561
0.071458020356471891
0.070136769491726508
0.068449858058497709
0.066406080849768831
0.064016093200015250
0.061292355437566011
0.058249067929517881
0.054902097060247734
0.051268892534238483
0.047368396444500874
0.043220944603452376
0.038848160705834169
0.034272844021702650
0.029518851638861861
0.024610977354799776
0.019574834017914509
0.014436773562823756
