44
-0.981151833077913870
-0.965099650422493130
-0.944239509118194100
-0.918675259984175870
-0.888534238286043280
-0.853966595004710390
-0.815144539645134890
-0.772261479248755880
-0.725531053660716910
-0.675186070666122350
-0.621477345903575840
-0.564672453185470770
-0.505054391388202410
-0.442920174525411440
-0.378579352014707160
-0.312352466502785810
-0.244569456928201260
-0.175568014775516760
-0.105691901708653250
-0.035289236964135356
0.035289236964135356
0.105691901708653250
0.175568014775516760
0.244569456928201260
0.312352466502785810
0.378579352014707160
0.442920174525411440
0.505054391388202410
0.564672453185470990
0.621477345903575840
0.675186070666122350
0.725531053660716910
0.772261479248755880
0.815144539645134890
0.853966595004710390
0.888534238286043280
0.918675259984175870
0.944239509118194100
0.965099650422493130
0.981151833077913870
0.013791230844827768
0.018704272989344701
0.023524262191502814
0.028227094020386572
0.032789314892839184
0.037188187765632263
0.041401794329835546
0.045409141082995499
0.049190262860618977
0.052726321892170823
0.055999701473861331
0.058994093651927398
0.061694580426900403
0.064087708052563225
0.066161554049757237
0.067905786596602569
0.069311715996956333
0.070372337969502638
0.071082368541160762
0.071438270370614024
0.071438270370614024
0.071082368541160762
0.070372337969502638
0.069311715996956333
0.067905786596602569
0.066161554049757237
0.064087708052563225
0.061694580426900403
0.058994093651927378
0.055999701473861331
0.052726321892170823
0.049190262860618977
0.045409141082995499
0.041401794329835546
0.037188187765632263
0.032789314892839184
0.028227094020386572
0.023524262191502814
0.018704272989344701
0.013791230844827768
