45
-0.981968715034540640
-0.966608310396894540
-0.946641690995629000
-0.922163936719000430
-0.893291671753241760
-0.860162475960664310
-0.822934220502086420
-0.781784312593906350
-0.736908848945490250
-0.688521680771200460
-0.636853394453223310
-0.582150212569353180
-0.524672820462916080
-0.464695123919635080
-0.402502943858541910
-0.338392654250602170
-0.272669769752377560
-0.205647489783263750
-0.137645205983253030
-0.068986980163144168
-0.000000000000000000
0.068986980163144168
0.137645205983253030
0.205647489783263750
0.272669769752377560
0.338392654250602170
0.402502943858541910
0.464695123919635080
0.524672820462916080
0.582150212569353180
0.636853394453223310
0.688521680771200460
0.736908848945490250
0.781784312593906350
0.822934220502086420
0.860162475960664310
0.893291671753241760
0.922163936719000430
0.946641690995629000
0.966608310396894540
0.981968715034540640
0.013188120812084031
0.017890537355976007
0.022507822362632834
0.027017884918974625
0.031399209287384905
0.035630908541416081
0.039692813510341554
0.043565565908841822
0.047230709577786210
0.050670778044958099
0.053869377592539923
0.056811265302055776
0.059482421654518461
0.061870117319023969
0.063962973802268966
0.065751017665585984
0.067225728048937936
0.068380077274257114
0.069208564334010778
0.069707241105059450
0.069873731162690925
0.069707241105059450
0.069208564334010778
0.068380077274257114
0.067225728048937936
0.065751017665585984
0.063962973802268966
0.061870117319023969
0.059482421654518461
0.056811265302055776
0.053869377592539923
0.050670778044958099
0.047230709577786210
0.043565565908841822
0.039692813510341554
0.035630908541416081
0.031399209287384905
0.027017884918974625
0.022507822362632834
0.017890537355976007
0.013188120812084031
