47
-0.983451003071623700
-0.969346787326564430
-0.951003969257708360
-0.928502693012360770
-0.901941329438525450
-0.871436015796896330
-0.837120139899902190
-0.799143754167741970
-0.757672918445438710
-0.712888973409064210
-0.664987747390332730
-0.614178699956373640
-0.560684005934664280
-0.504737583863577700
-0.446584073104855590
-0.386477764084667160
-0.324681486337735860
-0.261465459214974550
-0.197106110279111790
-0.131884866554514870
-0.066086923916355678
-0.000000000000000000
0.066086923916355678
0.131884866554514870
0.197106110279111790
0.261465459214974550
0.324681486337735860
0.386477764084667160
0.446584073104855710
0.504737583863578370
0.560684005934664280
0.614178699956373640
0.664987747390332730
0.712888973409064210
0.757672918445438710
0.799143754167741970
0.837120139899902190
0.871436015796896330
0.901941329438525450
0.928502693012360770
0.951003969257708360
0.969346787326564430
0.983451003071623700
0.012094999274711552
0.016414681103468751
0.020662700259956999
0.024820401102972546
0.028869581775993441
0.032792528986910478
0.036572085758276647
0.040191723714821367
0.043635614432297923
0.046888698292749713
0.049936750182335926
0.052766441622173609
0.055365399014400740
0.057722257729732024
0.059826711791521540
0.061669558935066919
0.063242740843116804
0.064539378380590595
0.065553801673871745
0.066281574902820037
0.066719515696913465
0.066865709050594552
0.066719515696913465
0.066281574902820037
0.065553801673871745
0.064539378380590595
0.063242740843116804
0.061669558935066919
0.059826711791521527
0.057722257729731982
0.055365399014400740
0.052766441622173609
0.049936750182335926
0.046888698292749713
0.043635614432297923
0.040191723714821367
0.036572085758276647
0.032792528986910478
0.028869581775993441
0.024820401102972546
0.020662700259956999
0.016414681103468751
0.012094999274711552
