49
-0.984757895914212920
-0.971762200901555410
-0.954853658674137180
-0.934100294755810130
-0.909585655828073270
-0.881408445573008900
-0.849682119844165750
-0.814534427359855370
-0.776106894345446550
-0.734554254237402620
-0.690043824425132120
-0.642754832419237590
-0.592877694108900680
-0.540613246991725970
-0.486171941452492100
-0.429772993341576480
-0.371643501262284850
-0.312017532119748810
-0.251135178612577280
-0.189241592461813600
-0.126585997269672070
-0.063420684982686770
-0.000000000000000000
0.063420684982686770
0.126585997269672070
0.189241592461813600
0.251135178612577280
0.312017532119748810
0.371643501262284850
0.429772993341576480
0.486171941452492100
0.540613246991725970
0.592877694108900680
0.642754832419237590
0.690043824425132120
0.734554254237402620
0.776106894345446550
0.814534427359855370
0.849682119844165750
0.881408445573008900
0.909585655828073270
0.934100294755810130
0.954853658674137180
0.971762200901555410
0.984757895914212920
0.011132571177337805
0.015114230040219598
0.019035134583571724
0.022879423003375907
0.026631596129484156
0.030276538614181666
0.033799570869519333
0.037186505660992082
0.040423704383445204
0.043498131649395338
0.046397407636317174
0.049109857869674256
0.051624560198840069
0.053931388759246239
0.056021054735952147
0.057885143760809103
0.059516149790787246
0.060907505330086306
0.062053607873812665
0.062949842466443751
0.063592600284077760
0.063979293165540879
0.064108364033779452
0.063979293165540879
0.063592600284077760
0.062949842466443751
0.062053607873812665
0.060907505330086306
0.059516149790787246
0.057885143760809103
0.056021054735952147
0.053931388759246239
0.051624560198840069
0.049109857869674256
0.046397407636317174
0.043498131649395338
0.040423704383445204
0.037186505660992082
0.033799570869519333
0.030276538614181666
0.026631596129484156
0.022879423003375907
0.019035134583571724
0.015114230040219598
0.011132571177337805
