50
-0.985354084048005950
-0.972864385106692040
-0.956610955242807930
-0.936656618944877950
-0.913078556655791960
-0.885967979523613060
-0.855429769429945970
-0.821582070859335990
-0.784555832900399210
-0.744494302226068600
-0.701552468706822200
-0.655896465685439360
-0.607702927184950340
-0.557158304514649980
-0.504458144907464100
-0.449806334974038770
-0.393414311897565150
-0.335500245419437350
-0.276288193779531950
-0.216007236876041730
-0.154890589998145920
-0.093174701560086143
-0.031098338327188869
0.031098338327188869
0.093174701560086143
0.154890589998145920
0.216007236876041730
0.276288193779531950
0.335500245419437350
0.393414311897565150
0.449806334974038770
0.504458144907464100
0.557158304514649980
0.607702927184950340
0.655896465685439360
0.701552468706822200
0.744494302226068600
0.784555832900399210
0.821582070859335990
0.855429769429945970
0.885967979523613060
0.913078556655791960
0.936656618944877950
0.956610955242807930
0.972864385106692040
0.985354084048005950
0.010693941924333665
0.014521220041152010
0.018292419540413891
0.021992879605624776
0.025608265077034821
0.029124582325720853
0.032528224819879763
0.035806023350045298
0.038945296161008072
0.041933897698673672
0.044760265462891233
0.047413464677022475
0.049883230560724981
0.052160008025598746
0.054234988632643526
0.056100144665008164
0.057748260182437505
0.059172958936349461
0.060368729037040617
0.061330944277301402
0.062055882029780636
0.062540737648758796
0.062783635320555586
0.062783635320555586
0.062540737648758796
0.062055882029780636
0.061330944277301402
0.060368729037040617
0.059172958936349461
0.057748260182437505
0.056100144665008164
0.054234988632643526
0.052160008025598746
0.049883230560724981
0.047413464677022475
0.044760265462891233
0.041933897698673672
0.038945296161008072
0.035806023350045298
0.032528224819879763
0.029124582325720853
0.025608265077034821
0.021992879605624776
0.018292419540413891
0.014521220041152010
0.010693941924333665
