53
-0.986947035023371550
-0.943495353464441910
-0.922428603042812160
-0.898182057875426710
-0.870839297558241300
-0.840494576545801400
-0.807252498416895390
-0.771227654925532360
-0.732544230807510300
-0.691335575601366830
-0.647743743916510130
-0.601919005713769330
-0.554019328277067790
-0.504209831657133510
-0.452662219461845820
-0.399554186953952950
-0.345068808495722410
-0.289393906451626210
-0.232721403724272580
-0.175246662155325690
-0.117167809071955150
-0.058685054300259457
-0.000000000000000000
0.058685054300259457
0.117167809071955150
0.175246662155325810
0.232721403724272580
0.289393906451626210
0.345068808495722410
0.399554186953952950
0.452662219461845820
0.504209831657133510
0.554019328277067790
0.601919005713769330
0.647743743916510130
0.691335575601366830
0.732544230807510300
0.771227654925532360
0.807252498416895390
0.840494576545801400
0.870839297558241300
0.898182057875426710
0.922428603042812160
0.943495353464441910
0.986947035023371550
0.009810149360525450
0.020211863237967788
0.023555567599571166
0.026818075781754144
0.029988138876715208
0.033054827941753150
0.036007570924803813
0.038836188818636763
0.041530930625465839
0.044082506912508319
0.046482121805519777
0.048721503294619939
0.050792931741091008
0.052689266483637066
0.054403970450764769
0.055931132693596043
0.057265488760972552
0.058402438846357436
0.059338063643823269
0.060069137858378828
0.060593141324006027
0.060908267691046618
0.061013430652970220
0.060908267691046618
0.060593141324006027
0.060069137858378904
0.059338063643823269
0.058402438846357436
0.057265488760972552
0.055931132693596043
0.054403970450764769
0.052689266483637066
0.050792931741091008
0.048721503294619939
0.046482121805519777
0.044082506912508319
0.041530930625465839
0.038836188818636763
0.036007570924803813
0.033054827941753150
0.029988138876715208
0.026818075781754144
0.023555567599571166
0.020211863237967788
0.009810149360525450
