55
-0.987868941198889240
-0.947458868041210820
-0.927851424720791630
-0.905271800743999930
-0.879792322419895580
-0.851494606617154480
-0.820469298559320940
-0.786815781127622400
-0.750641856348021940
-0.712063399986637920
-0.671203990319826360
-0.628194512249928170
-0.583172738026032090
-0.536282885908343280
-0.487675158187474090
-0.437505260037174600
-0.385933900740979440
-0.333126278890023890
-0.279251553200806520
-0.224482300647845470
-0.168993963646873190
-0.112964288059329260
-0.056572753818336777
-0.000000000000000000
0.056572753818336777
0.112964288059329260
0.168993963646873190
0.224482300647845470
0.279251553200806520
0.333126278890023890
0.385933900740979440
0.437505260037174600
0.487675158187474090
0.536282885908343280
0.583172738026032090
0.628194512249928170
0.671203990319826360
0.712063399986637920
0.750641856348021940
0.786815781127622400
0.820469298559320940
0.851494606617154480
0.879792322419895580
0.905271800743999930
0.927851424720791630
0.947458868041210820
0.987868941198889240
0.009093741280510140
0.018755466454993305
0.021869548617758316
0.024913580413434073
0.027877808699049138
0.030752737159116722
0.033529156031546527
0.036198171340808348
0.038751233272674657
0.041180163508004151
0.043477181393451352
0.045634928851010191
0.047646493940257231
0.049505432994811971
0.051205791260605128
0.052742121969058392
0.054109503783651529
0.055303556563748010
0.056320455395041970
0.057156942841600805
0.057810339380201851
0.058278551983508661
0.058560080824572723
0.058654024081169563
0.058560080824572723
0.058278551983508661
0.057810339380201851
0.057156942841600805
0.056320455395041970
0.055303556563748010
0.054109503783651529
0.052742121969058392
0.051205791260605128
0.049505432994811971
0.047646493940257231
0.045634928851010191
0.043477181393451352
0.041180163508004151
0.038751233272674657
0.036198171340808348
0.033529156031546527
0.030752737159116722
0.027877808699049138
0.024913580413434073
0.021869548617758316
0.018755466454993305
0.009093741280510140
