60
-0.969701788765052750
-0.955722255839996040
-0.898510310810045840
-0.874519922646898260
-0.848171984785929700
-0.819537526162145810
-0.788693739932263990
-0.755723775306585740
-0.720716513355730280
-0.683766327381355450
-0.644972828489477120
-0.604440597048510280
-0.562278900753944600
-0.518601400058569690
-0.473525841761707090
-0.427173741583078410
-0.379670056576797870
-0.331142848268448200
-0.281722937423261710
-0.231543551376029330
-0.180739964873425420
-0.129449135396945030
-0.077809333949536569
-0.025959772301247797
0.025959772301247803
0.077809333949536569
0.129449135396945030
0.180739964873425420
0.231543551376029330
0.281722937423261710
0.331142848268448200
0.379670056576798090
0.427173741583078410
0.473525841761707090
0.518601400058569690
0.562278900753944600
0.604440597048510280
0.644972828489477120
0.683766327381355450
0.720716513355730280
0.755723775306585740
0.788693739932263990
0.819537526162145810
0.848171984785929700
0.874519922646898260
0.898510310810045840
0.955722255839996040
0.969701788765052750
0.013521128409260492
0.016290216714481384
0.024304775106739129
0.026854708995160983
0.029332247940359126
0.031730712703074551
0.034043637313747446
0.036264786457054429
0.038388172257947870
0.040408070411603013
0.042319035608305397
0.044115916209096148
0.045793868131314218
0.047348367905925011
0.048775224871062173
0.050070592468707445
0.051230978613926732
0.052253255108641969
0.053134666074511817
0.053872835382160977
0.054465773056713497
0.054911880642348462
0.055209955511409926
0.055359194106447698
0.055359194106447698
0.055209955511409926
0.054911880642348462
0.054465773056713497
0.053872835382160977
0.053134666074511817
0.052253255108641969
0.051230978613926670
0.050070592468707445
0.048775224871062173
0.047348367905925011
0.045793868131314218
0.044115916209096148
0.042319035608305397
0.040408070411603013
0.038388172257947870
0.036264786457054429
0.034043637313747446
0.031730712703074551
0.029332247940359126
0.026854708995160983
0.024304775106739129
0.016290216714481384
0.013521128409260492
