62
-0.971600723371651710
-0.925047635636203850
-0.904798122521093480
-0.882263012831897340
-0.857499231512070860
-0.830569333604004760
-0.801541346103976430
-0.770488596055419310
-0.737489525283156810
-0.702627492222297030
-0.665990561335479510
-0.627671280646885150
-0.587766447953087300
-0.546376866300251060
-0.503607089344755950
-0.459565157240113380
-0.414362323717126000
-0.368112775046564590
-0.320933341594193950
-0.272943202696726230
-0.224263585604165540
-0.175017459249015630
-0.125329223615896820
-0.075324395496234348
-0.025129291421820618
0.025129291421820618
0.075324395496234348
0.125329223615896820
0.175017459249015630
0.224263585604165540
0.272943202696726450
0.320933341594193950
0.368112775046564590
0.414362323717126000
0.459565157240113380
0.503607089344755950
0.546376866300251060
0.587766447953087300
0.627671280646885150
0.665990561335479510
0.702627492222297030
0.737489525283156810
0.770488596055419310
0.801541346103976430
0.830569333604004760
0.857499231512070860
0.882263012831897340
0.904798122521093480
0.925047635636203850
0.971600723371651710
0.012562169090939554
0.020172759758987274
0.022616152626897371
0.025002416091448404
0.027325521843434994
0.029579601300618458
0.031758960339666874
0.033858093636783555
0.035871698553039760
0.037794688517884541
0.039622205871929182
0.041349634134155301
0.042972609661351989
0.044487032669700693
0.045889077590322652
0.047175202732436521
0.048342159229602583
0.049386999246387647
0.050307083424678274
0.051100087550806361
0.051764008426627872
0.052297168929713936
0.052698222249863945
0.052966155291234697
0.053100291231487490
0.053100291231487490
0.052966155291234697
0.052698222249863945
0.052297168929713936
0.051764008426627872
0.051100087550806368
0.050307083424678274
0.049386999246387647
0.048342159229602583
0.047175202732436521
0.045889077590322652
0.044487032669700693
0.042972609661351989
0.041349634134155301
0.039622205871929182
0.037794688517884541
0.035871698553039760
0.033858093636783555
0.031758960339666874
0.029579601300618458
0.027325521843434994
0.025002416091448404
0.022616152626897371
0.020172759758987274
0.012562169090939554
