63
-0.944726134041009800
-0.927360920621843170
-0.907726302778531610
-0.885870328507853520
-0.861846482364123640
-0.835713554319502890
-0.807535495773456850
-0.777381262990372250
-0.745324648317847500
-0.711444099584845890
-0.675822528114986110
-0.638547105821365420
-0.599709051877625130
-0.559403409486284970
-0.517728813290033290
-0.474787247994804430
-0.430683798795111320
-0.385526394212247880
-0.339425541974584410
-0.292494058586251440
-0.244846793245953380
-0.196600346791506670
-0.147872786357871990
-0.098783356446945275
-0.049452187116159632
-0.000000000000000000
0.049452187116159632
0.098783356446945275
0.147872786357871990
0.196600346791506670
0.244846793245953380
0.292494058586251440
0.339425541974584410
0.385526394212247880
0.430683798795111650
0.474787247994804430
0.517728813290033290
0.559403409486284970
0.599709051877625130
0.638547105821365420
0.675822528114986110
0.711444099584845890
0.745324648317847500
0.777381262990372250
0.807535495773456850
0.835713554319502890
0.861846482364123640
0.885870328507853520
0.907726302778531610
0.927360920621843170
0.944726134041009800
0.017022017892951009
0.019427525492123333
0.021785492376111291
0.024090147433910580
0.026335850403036369
0.028517105464723462
0.030628574604017279
0.032665090631208718
0.034621669806040027
0.036493524022769758
0.038276072521377442
0.039964953093928376
0.041556032757517181
0.043045417867064575
0.044429463642889966
0.045704783089558144
0.046868255284064263
0.047917033013011992
0.048848549740053253
0.049660525886514692
0.050350974409824861
0.050918205666081684
0.051360831544850473
0.051677768866073691
0.051868242030771811
0.051931784919051885
0.051868242030771811
0.051677768866073691
0.051360831544850473
0.050918205666081684
0.050350974409824861
0.049660525886514692
0.048848549740053253
0.047917033013011992
0.046868255284064193
0.045704783089558144
0.044429463642889966
0.043045417867064575
0.041556032757517181
0.039964953093928376
0.038276072521377442
0.036493524022769758
0.034621669806040027
0.032665090631208718
0.030628574604017279
0.028517105464723462
0.026335850403036369
0.024090147433910580
0.021785492376111291
0.019427525492123333
0.017022017892951009
