64
-0.946411374858402880
-0.929569172131939460
-0.910522137078502820
-0.889315445995114030
-0.865999398154092770
-0.840629296252580320
-0.813265315122797540
-0.783972358943341390
-0.752819907260531940
-0.719881850171610880
-0.685236313054233160
-0.648965471254657310
-0.611155355172393170
-0.571895646202634110
-0.531279464019894570
-0.489403145707053010
-0.446366017253464030
-0.402270157963991570
-0.357220158337668180
-0.311322871990210910
-0.264687162208767420
-0.217423643740007110
-0.169644420423992800
-0.121462819296120540
-0.072993121787799042
-0.024350292663424429
0.024350292663424429
0.072993121787799042
0.121462819296120540
0.169644420423992800
0.217423643740007110
0.264687162208767420
0.311322871990210910
0.357220158337668180
0.402270157963991570
0.446366017253464030
0.489403145707053010
0.531279464019894570
0.571895646202634110
0.611155355172393170
0.648965471254657310
0.685236313054233160
0.719881850171610880
0.752819907260531940
0.783972358943341390
0.813265315122797540
0.840629296252580320
0.865999398154092770
0.889315445995114030
0.910522137078502820
0.929569172131939460
0.946411374858402880
0.016482800673915374
0.018815590707185206
0.021103753878014053
0.023341862170282519
0.025524606665564265
0.027646809934542934
0.029703438231091044
0.031689613391526941
0.033600624384981438
0.035431938476816839
0.037179211973879328
0.038838300523851031
0.040405268943154639
0.041876400549511819
0.043248205976700670
0.044517431450424111
0.045681066505555139
0.046736351126391656
0.047680782292945000
0.048512119917713190
0.049228392158839375
0.049827900097045422
0.050309221765238527
0.050671215521230356
0.050913022755565564
0.051034069928033450
0.051034069928033450
0.050913022755565564
0.050671215521230356
0.050309221765238527
0.049827900097045422
0.049228392158839375
0.048512119917713190
0.047680782292945000
0.046736351126391656
0.045681066505555139
0.044517431450424111
0.043248205976700670
0.041876400549511819
0.040405268943154639
0.038838300523851031
0.037179211973879328
0.035431938476816839
0.033600624384981438
0.031689613391526941
0.029703438231091044
0.027646809934542934
0.025524606665564265
0.023341862170282519
0.021103753878014053
0.018815590707185206
0.016482800673915374
