66
-0.949559246206235220
-0.933695072544792560
-0.915747462945206920
-0.895756464446563870
-0.873766684166944700
-0.849827189536016100
-0.823991398695587570
-0.796316961245824520
-0.766865629575319560
-0.735703121049512850
-0.702898971358874250
-0.668526379350967480
-0.632662043690963130
-0.595385991714138420
-0.556781400851723120
-0.516934413028231400
-0.475933942444236810
-0.433871477173370710
-0.390840875016182920
-0.346938154066337550
-0.302261278456436130
-0.256909939761530200
-0.210985334548079000
-0.164589938564714600
-0.117827278078675990
-0.070801698868141583
-0.023618133385924570
0.023618133385924570
0.070801698868141583
0.117827278078675990
0.164589938564714600
0.210985334548079000
0.256909939761530200
0.302261278456436130
0.346938154066337550
0.390840875016182920
0.433871477173370710
0.475933942444236810
0.516934413028231620
0.556781400851723120
0.595385991714138420
0.632662043690963130
0.668526379350967480
0.702898971358874250
0.735703121049512850
0.766865629575319560
0.796316961245824520
0.823991398695587570
0.849827189536016100
0.873766684166944700
0.895756464446563870
0.915747462945206920
0.933695072544792560
0.949559246206235220
0.015479153757251724
0.017676000890672831
0.019833407491748518
0.021946558843366801
0.024010739329023777
0.026021342766931958
0.027973882607365212
0.029864001906177873
0.031687483028005281
0.033440257047495855
0.035118412823148051
0.036718205721402761
0.038236065970471168
0.039668606624708294
0.041012631121461258
0.042265140413360949
0.043423339660042456
0.044484644464305938
0.045446686638763958
0.046307319490086242
0.047064622609035850
0.047716906155597281
0.048262714629632185
0.048700830118638704
0.049030275015371258
0.049250314199248531
0.049360456676685469
0.049360456676685469
0.049250314199248531
0.049030275015371258
0.048700830118638704
0.048262714629632185
0.047716906155597281
0.047064622609035850
0.046307319490086242
0.045446686638763958
0.044484644464305938
0.043423339660042456
0.042265140413360922
0.041012631121461258
0.039668606624708294
0.038236065970471168
0.036718205721402761
0.035118412823148051
0.033440257047495855
0.031687483028005281
0.029864001906177873
0.027973882607365212
0.026021342766931958
0.024010739329023777
0.021946558843366801
0.019833407491748518
0.017676000890672831
0.015479153757251724
