67
-0.951030459540145310
-0.935623873270750920
-0.918190936812738560
-0.898769404961320410
-0.877401339831658690
-0.854133019537050680
-0.829014837853301100
-0.802101195021694520
-0.773450379899980330
-0.743124443704366260
-0.711189065610040360
-0.677713410498280930
-0.642769979156615270
-0.606434451255557280
-0.568785521441470990
-0.529904728900236100
-0.489876280760646600
-0.448786869719890900
-0.406725486286013900
-0.363783226043954190
-0.320053092362536320
-0.275629794969689530
-0.230609544832115760
-0.185089845783640180
-0.139169283353523690
-0.092947311252079889
-0.046524035976017217
-0.000000000000000000
0.046524035976017217
0.092947311252079889
0.139169283353523690
0.185089845783640180
0.230609544832115760
0.275629794969689530
0.320053092362536320
0.363783226043954190
0.406725486286013900
0.448786869719890900
0.489876280760646600
0.529904728900236100
0.568785521441470990
0.606434451255557280
0.642769979156615270
0.677713410498280930
0.711189065610040360
0.743124443704366260
0.773450379899980330
0.802101195021694520
0.829014837853301100
0.854133019537050680
0.877401339831658690
0.898769404961320410
0.918190936812738560
0.935623873270750920
0.951030459540145310
0.015011663003702326
0.017144924682597328
0.019241055762111860
0.021295515811306218
0.023303854988464698
0.025261723495986828
0.027164880922726259
0.029009205391212697
0.030790702466459315
0.032505513797364154
0.034149925467685791
0.035720376036463324
0.037213464249450275
0.038625956404327373
0.039954793353454116
0.041197097128825300
0.042350177174793870
0.043411536175000404
0.044378875460855859
0.045250099989841516
0.046023322882830772
0.046696869510595998
0.047269281120643172
0.047739317996517504
0.048105962142732203
0.048368419489505265
0.048526121612527409
0.048578726964036228
0.048526121612527409
0.048368419489505265
0.048105962142732203
0.047739317996517504
0.047269281120643172
0.046696869510595998
0.046023322882830772
0.045250099989841516
0.044378875460855859
0.043411536175000404
0.042350177174793870
0.041197097128825300
0.039954793353454116
0.038625956404327373
0.037213464249450275
0.035720376036463324
0.034149925467685791
0.032505513797364154
0.030790702466459315
0.029009205391212697
0.027164880922726259
0.025261723495986828
0.023303854988464698
0.021295515811306218
0.019241055762111860
0.017144924682597328
0.015011663003702326
