68
-0.952438404479602150
-0.901654335920107910
-0.880882359017455930
-0.858257873582659810
-0.833828459041670910
-0.807645490689708590
-0.779764031618897620
-0.750242716902916440
-0.719143630276472880
-0.686532173566013040
-0.652476929144677030
-0.617049515699883420
-0.580324437616350770
-0.542378928291003430
-0.503292787709084920
-0.463148214622939090
-0.422029633686313630
-0.380023517907674520
-0.337218206795880770
-0.293703720580638760
-0.249571570898416750
-0.204914568341939270
-0.159826627277978970
-0.114402568343910690
-0.068737919038377143
-0.022928712825422359
0.022928712825422359
0.068737919038377143
0.114402568343910690
0.159826627277978970
0.204914568341939270
0.249571570898416750
0.293703720580638760
0.337218206795880770
0.380023517907674520
0.422029633686313630
0.463148214622939090
0.503292787709084920
0.542378928291003430
0.580324437616350770
0.617049515699883420
0.652476929144677030
0.686532173566013040
0.719143630276472880
0.750242716902916440
0.779764031618897620
0.807645490689708590
0.833828459041670910
0.858257873582659810
0.880882359017455930
0.901654335920107910
0.952438404479602150
0.015098377371962513
0.021429852878924360
0.023456048006500391
0.025432914993555145
0.027356296353697771
0.029222147123508419
0.031026543350802988
0.032765690337063107
0.034435930612364773
0.036033751623983715
0.037555793121484771
0.038998854222228735
0.040359900142146507
0.041636068577459835
0.042824675723833021
0.043923221920239688
0.044929396905638727
0.045841084677385575
0.046656367941143008
0.047373532142927867
0.047991069074805465
0.048507680046645345
0.048922278617266370
0.049233992879223747
0.049442167292433219
0.049546364062774809
0.049546364062774809
0.049442167292433219
0.049233992879223747
0.048922278617266370
0.048507680046645345
0.047991069074805465
0.047373532142927867
0.046656367941143008
0.045841084677385575
0.044929396905638727
0.043923221920239688
0.042824675723833021
0.041636068577459835
0.040359900142146507
0.038998854222228735
0.037555793121484771
0.036033751623983715
0.034435930612364773
0.032765690337063107
0.031026543350802988
0.029222147123508419
0.027356296353697771
0.025432914993555145
0.023456048006500391
0.021429852878924360
0.015098377371962513
