69
-0.953786647805181960
-0.904418364985827060
-0.884218216947252560
-0.862211662472744060
-0.838443659480504260
-0.812962764500295700
-0.785821033446759690
-0.757073915255837890
-0.726780138596007990
-0.695001591882928430
-0.661803196841078250
-0.627252775869849400
-0.591420913484555830
-0.554380812115132130
-0.516208142556933810
-0.476980889379045700
-0.436779191605844440
-0.395685178997244420
-0.353782804262066320
-0.311157671547281240
-0.267896861553503450
-0.224088753633998990
-0.179822845240643180
-0.135189569085682970
-0.090280108392828740
-0.045186210615101724
-0.000000000000000000
0.045186210615101724
0.090280108392828740
0.135189569085682970
0.179822845240643180
0.224088753633998990
0.267896861553503450
0.311157671547281240
0.353782804262066320
0.395685178997244420
0.436779191605844440
0.476980889379045700
0.516208142556933810
0.554380812115132130
0.591420913484555830
0.627252775869849400
0.661803196841078250
0.695001591882928430
0.726780138596007990
0.757073915255837890
0.785821033446759690
0.812962764500295700
0.838443659480504260
0.862211662472744060
0.884218216947252560
0.904418364985827060
0.953786647805181960
0.014640523165482880
0.020790507878236164
0.022761066088002550
0.024685125027195949
0.026558753852459715
0.028378124786839015
0.030139520921921983
0.031839343801869237
0.033474120769638481
0.035040512058409752
0.036535317612732605
0.037955483624940035
0.039298108773192980
0.040560450148252700
0.041739928856779268
0.042834135289654587
0.043840834044530194
0.044757968492525661
0.045583664979730605
0.046316236654920268
0.046954186915658364
0.047496212465741386
0.047941205977738564
0.048288258355182551
0.048536660589791003
0.048685905209921713
0.048735687317303218
0.048685905209921713
0.048536660589791003
0.048288258355182551
0.047941205977738564
0.047496212465741386
0.046954186915658364
0.046316236654920268
0.045583664979730605
0.044757968492525661
0.043840834044530194
0.042834135289654587
0.041739928856779268
0.040560450148252700
0.039298108773192980
0.037955483624940035
0.036535317612732605
0.035040512058409752
0.033474120769638481
0.031839343801869237
0.030139520921921983
0.028378124786839015
0.026558753852459715
0.024685125027195949
0.022761066088002550
0.020790507878236164
0.014640523165482880
