70
-0.924918516897934360
-0.907068116260922870
-0.887416816863348060
-0.866003634213858620
-0.842871081998980200
-0.818065087625441170
-0.791634901007892690
-0.763632996771899550
-0.734114970060942620
-0.703139426151528690
-0.670767864094077510
-0.637064554609778180
-0.602096412485355390
-0.565932863718808350
-0.528645707679711090
-0.490308974557636560
-0.450998778381647810
-0.410793165902630600
-0.369771961638461930
-0.328016609389643280
-0.285610010540037870
-0.242636359463740630
-0.199180976364857650
-0.155330137882070230
-0.111170905794298700
-0.066790954167551320
-0.022278395286140305
0.022278395286140305
0.066790954167551320
0.111170905794298700
0.155330137882070230
0.199180976364857650
0.242636359463740630
0.285610010540037870
0.328016609389643280
0.369771961638461930
0.410793165902630600
0.450998778381647810
0.490308974557636560
0.528645707679711090
0.565932863718808350
0.602096412485355390
0.637064554609778180
0.670767864094077510
0.703139426151528690
0.734114970060942620
0.763632996771899550
0.791634901007892690
0.818065087625441170
0.842871081998980200
0.866003634213858620
0.887416816863348060
0.907068116260922870
0.924918516897934360
0.018149606147357038
0.020098977883630249
0.022008445404439494
0.023874217467504691
0.025692589657396278
0.027459951705917890
0.029172794642783977
0.030827717753275939
0.032421435325012148
0.033950783168515491
0.035412724897675447
0.036804357957134021
0.038122919384356614
0.039365791294791466
0.040530506079140494
0.041614751302367456
0.042616374294683596
0.043533386425376935
0.044363967050984096
0.045106467129959082
0.045759412496655785
0.046321506788120879
0.046791634017882000
0.047168860791620679
0.047452438160330429
0.047641803107277010
0.047736579665810769
0.047736579665810769
0.047641803107277010
0.047452438160330429
0.047168860791620679
0.046791634017882000
0.046321506788120879
0.045759412496655785
0.045106467129959082
0.044363967050984096
0.043533386425376935
0.042616374294683596
0.041614751302367456
0.040530506079140494
0.039365791294791466
0.038122919384356614
0.036804357957134021
0.035412724897675447
0.033950783168515491
0.032421435325012148
0.030827717753275939
0.029172794642783977
0.027459951705917890
0.025692589657396278
0.023874217467504691
0.022008445404439494
0.020098977883630249
0.018149606147357038
