72
-0.928954645880917920
-0.912049092688671510
-0.893431263588091220
-0.873136111298778990
-0.851201737654437850
-0.827669322022754230
-0.802583043969291810
-0.775990000299982660
-0.747940116632832330
-0.718486053662235060
-0.687683108290467750
-0.655589109811201000
-0.622264311339468130
-0.587771276691655630
-0.552174762927714500
-0.515541598776003470
-0.477940559168940400
-0.439442236124960690
-0.400118906219161570
-0.360044394891419260
-0.319293937846712120
-0.277944039807847650
-0.236072330885759910
-0.193757420837026070
-0.151078751482210010
-0.108116447562102810
-0.064951166311857100
-0.021663946035424049
0.021663946035424049
0.064951166311857100
0.108116447562102810
0.151078751482210010
0.193757420837026070
0.236072330885759910
0.277944039807847650
0.319293937846712120
0.360044394891419260
0.400118906219161570
0.439442236124960690
0.477940559168940400
0.515541598776003470
0.552174762927714500
0.587771276691655630
0.622264311339468130
0.655589109811201000
0.687683108290467750
0.718486053662235060
0.747940116632832330
0.775990000299982660
0.802583043969291810
0.827669322022754230
0.851201737654437850
0.873136111298778990
0.893431263588091220
0.912049092688671510
0.928954645880917920
0.017120063928967685
0.018965317052739739
0.020774965193901439
0.022545610765915412
0.024273929474759839
0.025956676527556306
0.027590692708157640
0.029172910299696948
0.030700358839165550
0.032170170691407166
0.033579586431162461
0.034925960022587479
0.036206763786264348
0.037419593144236499
0.038562171134071850
0.039632352683432522
0.040628128637092406
0.041547629528824050
0.042389129091060490
0.043151047495733924
0.043831954320204161
0.044430571232701298
0.044945774392241192
0.045376596558505719
0.045722228907724163
0.045982022551148347
0.046155489753266887
0.046242304847474679
0.046242304847474679
0.046155489753266887
0.045982022551148347
0.045722228907724163
0.045376596558505719
0.044945774392241192
0.044430571232701298
0.043831954320204161
0.043151047495733924
0.042389129091060490
0.041547629528824050
0.040628128637092406
0.039632352683432522
0.038562171134071850
0.037419593144236499
0.036206763786264348
0.034925960022587479
0.033579586431162461
0.032170170691407166
0.030700358839165550
0.029172910299696948
0.027590692708157640
0.025956676527556306
0.024273929474759839
0.022545610765915412
0.020774965193901439
0.018965317052739739
0.017120063928967685
