73
-0.930852227381224530
-0.914391479176256410
-0.896260444846691320
-0.876492243420651460
-0.855122984594299580
-0.832191702724909720
-0.807740285502736020
-0.781813397421644800
-0.754458398183323500
-0.725725256181559920
-0.695666457223262700
-0.664336908652196410
-0.631793839050118540
-0.598096693698271010
-0.563307025990016590
-0.527488384992870870
-0.490706199365251950
-0.453027657839945360
-0.414521586492575760
-0.375258323019251550
-0.335309588253022480
-0.294748355153836790
-0.253648715511301410
-0.212085744603730530
-0.170135364060700730
-0.127874203179614290
-0.085379458949596310
-0.042728755038413987
-0.000000000000000000
0.042728755038413987
0.085379458949596310
0.127874203179614290
0.170135364060700730
0.212085744603730590
0.253648715511301410
0.294748355153836790
0.335309588253022480
0.375258323019251550
0.414521586492575760
0.453027657839945360
0.490706199365251950
0.527488384992870870
0.563307025990016590
0.598096693698271010
0.631793839050118540
0.664336908652196410
0.695666457223262700
0.725725256181559920
0.754458398183323500
0.781813397421644800
0.807740285502736020
0.832191702724909720
0.855122984594299580
0.876492243420651460
0.896260444846691320
0.914391479176256410
0.930852227381224530
0.016638277196151921
0.018434548580440368
0.020197146623292493
0.021922851491703751
0.023608510811406615
0.025251045393754338
0.026847454844662461
0.028394823037023752
0.029890323432892753
0.031331224243964402
0.032714893420043495
0.034038803455934213
0.035300536007719763
0.036497786309859982
0.037628367384954134
0.038690214038432695
0.039681386630847998
0.040600074620856956
0.041444599872409817
0.042213419720096880
0.042905129787047108
0.043518466550230679
0.044052309648472544
0.044505683928964916
0.044877761228533229
0.045167861886406001
0.045375455985721354
0.045500164321503889
0.045541759093342550
0.045500164321503889
0.045375455985721354
0.045167861886406001
0.044877761228533229
0.044505683928964972
0.044052309648472544
0.043518466550230679
0.042905129787047108
0.042213419720096880
0.041444599872409817
0.040600074620856956
0.039681386630847998
0.038690214038432695
0.037628367384954134
0.036497786309859982
0.035300536007719763
0.034038803455934213
0.032714893420043495
0.031331224243964402
0.029890323432892753
0.028394823037023752
0.026847454844662461
0.025251045393754338
0.023608510811406615
0.021922851491703751
0.020197146623292493
0.018434548580440368
0.016638277196151921
