74
-0.993261409804645060
-0.947049926428384930
-0.932675079462054630
-0.916641971642906390
-0.858892574265983640
-0.836540174742815830
-0.812700437551974410
-0.787415748819575430
-0.760731063758994570
-0.732693826736880330
-0.703353886915441870
-0.672763409620247500
-0.640976783590692320
-0.608050524277779840
-0.574043173360994090
-0.539015194662817000
-0.503028866645885090
-0.466148171683881230
-0.428438682303003300
-0.389967444596250770
-0.350802859017798060
-0.311014558769390660
-0.270673285994980420
-0.229850766003717010
-0.188619579744918550
-0.147053034761753410
-0.105225034853070970
-0.063209948675116284
-0.021082477516748306
0.021082477516748306
0.063209948675116284
0.105225034853070970
0.147053034761753410
0.188619579744918550
0.229850766003717010
0.270673285994980420
0.311014558769390660
0.350802859017798060
0.389967444596250770
0.428438682303003300
0.466148171683881230
0.503028866645885090
0.539015194662817000
0.574043173360994090
0.608050524277779840
0.640976783590692320
0.672763409620247500
0.703353886915441870
0.732693826736880330
0.760731063758994570
0.787415748819575430
0.812700437551974410
0.836540174742815830
0.858892574265983640
0.916641971642906390
0.932675079462054630
0.947049926428384930
0.993261409804645060
0.005303222699883351
0.014713427452906798
0.016530233125426990
0.018317649339039621
0.023472074397622941
0.025110757981810776
0.026704795627672914
0.028251353173036502
0.029747680880764339
0.031191118325046313
0.032579099119958731
0.033909155481426728
0.035178922614233776
0.036386142916136004
0.037528669991528020
0.038604472467472076
0.039611637605279582
0.040548374701200603
0.041413018270166926
0.042204031006917643
0.042920006519238559
0.043559671828450983
0.044121889632703200
0.044605660329037802
0.045010123790639019
0.045334560896098428
0.045578394807981516
0.045741191998419119
0.045822663019900865
0.045822663019900865
0.045741191998419119
0.045578394807981516
0.045334560896098428
0.045010123790639019
0.044605660329037802
0.044121889632703200
0.043559671828450983
0.042920006519238559
0.042204031006917643
0.041413018270166926
0.040548374701200603
0.039611637605279582
0.038604472467472076
0.037528669991528020
0.036386142916136004
0.035178922614233776
0.033909155481426728
0.032579099119958731
0.031191118325046313
0.029747680880764339
0.028251353173036502
0.026704795627672914
0.025110757981810776
0.023472074397622941
0.018317649339039621
0.016530233125426990
0.014713427452906798
0.005303222699883351
