75
-0.993438536578892690
-0.948431165079287370
-0.934427059964107130
-0.882819691447895630
-0.862518157626883440
-0.840723446654958020
-0.817473289103541220
-0.792807935213563520
-0.766770085206641920
-0.739404815358032600
-0.710759499958041110
-0.680883729296269500
-0.649829223810262310
-0.617649744546926010
-0.584401000091577800
-0.550140550125645560
-0.514927705779916640
-0.478823426955803160
-0.441890216792348300
-0.404192013461653570
-0.365794079480035950
-0.326762888726526260
-0.287166011364297200
-0.247071996864234760
-0.206550255333159630
-0.165670937352137840
-0.124504812532900270
-0.083123147002611003
-0.041597580029079456
-0.000000000000000000
0.041597580029079456
0.083123147002611003
0.124504812532900270
0.165670937352137840
0.206550255333159630
0.247071996864234760
0.287166011364297200
0.326762888726526260
0.365794079480035950
0.404192013461653570
0.441890216792348300
0.478823426955803160
0.514927705779916640
0.550140550125645560
0.584401000091577800
0.617649744546926010
0.649829223810262310
0.680883729296269500
0.710759499958041110
0.739404815358032600
0.766770085206641920
0.792807935213563520
0.817473289103541220
0.840723446654958020
0.862518157626883440
0.882819691447895630
0.934427059964107130
0.948431165079287370
0.993438536578892690
0.005135074951996506
0.014252794208810192
0.016014815344684682
0.021122577894698735
0.022755905685545835
0.024349838923884200
0.025901618186255030
0.027408557036823065
0.028868046673667221
0.030277560442540881
0.031634658209443549
0.032936990583995504
0.034182302986063152
0.035368439548459897
0.036493346848887942
0.037555077464612251
0.038551793343685269
0.039481768986866103
0.040343394434715567
0.041135178054687367
0.041855749123385827
0.042503860199515978
0.043078389283415681
0.043578341759429963
0.044002852117763287
0.044351185452828581
0.044622738735498005
0.044817041857052840
0.044933758443025412
0.044972686435522970
0.044933758443025412
0.044817041857052840
0.044622738735498005
0.044351185452828581
0.044002852117763287
0.043578341759429963
0.043078389283415681
0.042503860199515978
0.041855749123385827
0.041135178054687367
0.040343394434715567
0.039481768986866103
0.038551793343685269
0.037555077464612251
0.036493346848887942
0.035368439548459897
0.034182302986063152
0.032936990583995504
0.031634658209443549
0.030277560442540881
0.028868046673667221
0.027408557036823065
0.025901618186255030
0.024349838923884200
0.022755905685545835
0.021122577894698735
0.016014815344684682
0.014252794208810192
0.005135074951996506
