79
-0.994081554785542610
-0.926671291880903910
-0.911100468034580890
-0.894107069504235020
-0.875717629303529590
-0.855960860255219340
-0.834867610137777880
-0.812470813507806700
-0.788805440269197740
-0.763908441067170150
-0.737818689591278170
-0.710576921876824090
-0.682225672699070970
-0.652809209159344040
-0.622373461566577020
-0.590965951722139950
-0.558635718719858950
-0.525433242377054470
-0.491410364416119850
-0.456620207519689130
-0.421117092385771890
-0.384956452912350920
-0.348194749643867870
-0.310889381614736450
-0.273098596727523570
-0.234881400805731940
-0.196297465463184660
-0.157407034933861600
-0.118270832007660890
-0.078949963218954394
-0.039505823435974072
-0.000000000000000000
0.039505823435974072
0.078949963218954394
0.118270832007660890
0.157407034933861600
0.196297465463184660
0.234881400805731940
0.273098596727523570
0.310889381614736450
0.348194749643867870
0.384956452912350920
0.421117092385771890
0.456620207519689130
0.491410364416119850
0.525433242377054470
0.558635718719858950
0.590965951722139950
0.622373461566577470
0.652809209159344040
0.682225672699070970
0.710576921876824090
0.737818689591278170
0.763908441067170150
0.788805440269197740
0.812470813507806700
0.834867610137777880
0.855960860255219340
0.875717629303529590
0.894107069504235020
0.911100468034580890
0.926671291880903910
0.994081554785542610
0.004567943672782105
0.015828458951234640
0.017357992989532254
0.018860424795278025
0.020333408423330753
0.021774643938966075
0.023181880995534972
0.024552922341024054
0.025885627244873359
0.027177914838201624
0.028427767361475915
0.029633233314163673
0.030792430501234636
0.031903548971637267
0.032964853844091160
0.033974688015740787
0.034931474749415950
0.035833720135443586
0.036680015424155242
0.037469039225443798
0.038199559571927229
0.038870435842499190
0.039480620543256829
0.040029160943025742
0.040515200560928451
0.040937980503669646
0.041296840650453151
0.041591220683677994
0.041820660963804761
0.041984803247025484
0.042083391244617782
0.042116271023107638
0.042083391244617782
0.041984803247025484
0.041820660963804761
0.041591220683677994
0.041296840650453151
0.040937980503669646
0.040515200560928451
0.040029160943025742
0.039480620543256829
0.038870435842499190
0.038199559571927229
0.037469039225443798
0.036680015424155242
0.035833720135443586
0.034931474749415950
0.033974688015740787
0.032964853844091133
0.031903548971637267
0.030792430501234636
0.029633233314163673
0.028427767361475915
0.027177914838201624
0.025885627244873359
0.024552922341024054
0.023181880995534972
0.021774643938966075
0.020333408423330753
0.018860424795278025
0.017357992989532254
0.015828458951234640
0.004567943672782105
