82
-0.994503768378075530
-0.931846926454622970
-0.884416694596724670
-0.866009504504765550
-0.846346683612913650
-0.825456741085767610
-0.803369965310108290
-0.780118379975358160
-0.755735697639560390
-0.730257270847596280
-0.703720040872166660
-0.676162484151646930
-0.647624556502346630
-0.618147635185978710
-0.587774458916284770
-0.556549065891763780
-0.524516729944327850
-0.491723894896449300
-0.458218107221963210
-0.424047947108150750
-0.389262958019054860
-0.353913574862147920
-0.318051050862501520
-0.281727383250480080
-0.244995237870704540
-0.207907872821592340
-0.170519061236190150
-0.132883013316257510
-0.095054297732644871
-0.057087762505926939
-0.019038455482006812
0.019038455482006812
0.057087762505926939
0.095054297732644871
0.132883013316257510
0.170519061236190150
0.207907872821592340
0.244995237870704540
0.281727383250480080
0.318051050862501520
0.353913574862147920
0.389262958019054860
0.424047947108150750
0.458218107221963210
0.491723894896449300
0.524516729944327850
0.556549065891763780
0.587774458916284770
0.618147635185978710
0.647624556502346630
0.676162484151646930
0.703720040872166660
0.730257270847596280
0.755735697639560390
0.780118379975358160
0.803369965310108290
0.825456741085767610
0.846346683612913650
0.866009504504765550
0.884416694596724670
0.931846926454622970
0.994503768378075530
0.004369371916834405
0.015165282244359786
0.019506589276861854
0.020899887364712974
0.022262882673733431
0.023593598973451479
0.024890106840746908
0.026150526455160104
0.027373030323151561
0.028555845926989898
0.029697258294222786
0.030795612483890820
0.031849315985812213
0.032856841029420457
0.033816726798781088
0.034727581550562582
0.035588084631878937
0.036396988395071862
0.037153120006653752
0.037855383147782640
0.038502759603805621
0.039094310740559947
0.039629178865294816
0.040106588470237008
0.040525847356997033
0.040886347640187858
0.041187566628796642
0.041429067584034369
0.041610500352563855
0.041731601874187112
0.041792196563256431
0.041792196563256431
0.041731601874187112
0.041610500352563855
0.041429067584034369
0.041187566628796642
0.040886347640187858
0.040525847356997033
0.040106588470237008
0.039629178865294816
0.039094310740559947
0.038502759603805621
0.037855383147782640
0.037153120006653752
0.036396988395071862
0.035588084631878937
0.034727581550562582
0.033816726798781088
0.032856841029420457
0.031849315985812213
0.030795612483890820
0.029697258294222786
0.028555845926989898
0.027373030323151561
0.026150526455160104
0.024890106840746908
0.023593598973451479
0.022262882673733431
0.020899887364712974
0.019506589276861854
0.015165282244359786
0.004369371916834405
