83
-0.984055629596681360
-0.903847383022899460
-0.887115548905063280
-0.869128102178716940
-0.849910501998933700
-0.829489948684984270
-0.807895345214589610
-0.785157256310815790
-0.761307865178458830
-0.736380927950564200
-0.710411725909217530
-0.683437015548021830
-0.655494976546823650
-0.626625157732239260
-0.596868421100418270
-0.566266883981240810
-0.534863859425785290
-0.502703794901426140
-0.469832209381320310
-0.436295628917319320
-0.402141520787488770
-0.367418226311440390
-0.332174892428564130
-0.296461402136003140
-0.260328303884825970
-0.223826740034327400
-0.187008374465722660
-0.149925319457686830
-0.112630061927240320
-0.075175389140377274
-0.037614313997584387
-0.000000000000000000
0.037614313997584387
0.075175389140377274
0.112630061927240320
0.149925319457686830
0.187008374465722660
0.223826740034327400
0.260328303884825970
0.296461402136003140
0.332174892428564130
0.367418226311440390
0.402141520787488770
0.436295628917319320
0.469832209381320310
0.502703794901426140
0.534863859425785290
0.566266883981240810
0.596868421100418270
0.626625157732239260
0.655494976546823650
0.683437015548021830
0.710411725909217530
0.736380927950564200
0.761307865178458830
0.785157256310815790
0.807895345214589610
0.829489948684984270
0.849910501998933700
0.869128102178716940
0.887115548905063280
0.903847383022899460
0.984055629596681360
0.007281677238183406
0.017524649449211581
0.018904926726539893
0.020258446278320213
0.021583292322646084
0.022877589671078166
0.024139506379126340
0.025367256337061099
0.026559101796693400
0.027713355830186057
0.028828384717216732
0.029902610257005406
0.030934512001866709
0.031922629409087820
0.032865563908063188
0.033761980879744115
0.034610611545591800
0.035410254763355922
0.036159778727129090
0.036858122569272740
0.037504297861941656
0.038097390016081485
0.038636559575918876
0.039121043407110666
0.039550155776870426
0.039923289324542116
0.040239915921248690
0.040499587417396413
0.040701936276979662
0.040846676097784494
0.040933602016759239
0.040962590999973576
0.040933602016759239
0.040846676097784494
0.040701936276979662
0.040499587417396413
0.040239915921248690
0.039923289324542116
0.039550155776870426
0.039121043407110666
0.038636559575918876
0.038097390016081485
0.037504297861941656
0.036858122569272740
0.036159778727129090
0.035410254763355922
0.034610611545591800
0.033761980879744115
0.032865563908063188
0.031922629409087820
0.030934512001866709
0.029902610257005406
0.028828384717216732
0.027713355830186057
0.026559101796693400
0.025367256337061099
0.024139506379126340
0.022877589671078166
0.021583292322646084
0.020258446278320213
0.018904926726539893
0.017524649449211581
0.007281677238183406
