84
-0.984429797127581720
-0.906073584094008400
-0.889721586988315490
-0.872139914883579110
-0.853352867168918560
-0.833386409190021380
-0.812268136356123050
-0.790027235996596970
-0.766694447018836380
-0.742302017422609820
-0.716883659729274920
-0.690474504387248440
-0.663111051218014720
-0.634831118969691580
-0.605673793047833310
-0.575679371495674050
-0.544889309298449700
-0.513346161088761300
-0.481093522332156190
-0.448175969074202320
-0.414638996332331260
-0.380528955217588670
-0.345892988873197080
-0.310778967318463990
-0.275235421288088530
-0.239311475158303370
-0.203056779052553480
-0.166521440220548160
-0.129755953785524740
-0.092811132955437858
-0.055738038794528211
-0.018587909652332132
0.018587909652332132
0.055738038794528211
0.092811132955438025
0.129755953785524740
0.166521440220548160
0.203056779052553480
0.239311475158303370
0.275235421288088530
0.310778967318463990
0.345892988873197080
0.380528955217588670
0.414638996332331260
0.448175969074202320
0.481093522332156190
0.513346161088761300
0.544889309298449700
0.575679371495674050
0.605673793047833310
0.634831118969691580
0.663111051218014720
0.690474504387248440
0.716883659729274920
0.742302017422609820
0.766694447018836380
0.790027235996596970
0.812268136356123050
0.833386409190021380
0.853352867168918560
0.872139914883579110
0.889721586988315490
0.906073584094008400
0.984429797127581720
0.007096652264859622
0.017090475067873496
0.018439135900863983
0.019762312271886337
0.021058175406549307
0.022324934288894323
0.023560838133196677
0.024764178801661128
0.025933293163996587
0.027066565395253758
0.028162429208559471
0.029219370019552791
0.030235927039467710
0.031210695293934040
0.032142327564678504
0.033029536251434642
0.033871095151471423
0.034665841154280980
0.035412675849075918
0.036110567042871466
0.036758550187055823
0.037355729710471589
0.037901280257166707
0.038394447827105507
0.038834550818258207
0.039220980968633586
0.039553204196947918
0.039830761340771445
0.040053268791130053
0.040220419022686457
0.040331981018766436
0.040387800590644111
0.040387800590644111
0.040331981018766436
0.040220419022686513
0.040053268791130053
0.039830761340771445
0.039553204196947918
0.039220980968633586
0.038834550818258207
0.038394447827105507
0.037901280257166707
0.037355729710471589
0.036758550187055823
0.036110567042871466
0.035412675849075918
0.034665841154280980
0.033871095151471423
0.033029536251434642
0.032142327564678504
0.031210695293934040
0.030235927039467710
0.029219370019552791
0.028162429208559471
0.027066565395253758
0.025933293163996587
0.024764178801661128
0.023560838133196677
0.022324934288894323
0.021058175406549307
0.019762312271886337
0.018439135900863983
0.017090475067873496
0.007096652264859622
