89
-0.986116947861103600
-0.963210454656535430
-0.929632711823718650
-0.885755708684469840
-0.868922144297083810
-0.851018071956677560
-0.832065549370079040
-0.812087925937486020
-0.791109813983793320
-0.769157058434801090
-0.746256704975360120
-0.722436966728508210
-0.697727189496540000
-0.672157815606759580
-0.645760346406419880
-0.618567303453019020
-0.590612188447752430
-0.561929441961464220
-0.532554401003944020
-0.502523255488829480
-0.471873003647753200
-0.440641406448651800
-0.408866941074398800
-0.376588753519067620
-0.343846610360227900
-0.310680849766689750
-0.277132331802052100
-0.243242388085282040
-0.209052770870341740
-0.174605601607596250
-0.139943319050374220
-0.105108626970613410
-0.070144441548005781
-0.035093838497457008
-0.000000000000000000
0.035093838497457008
0.070144441548005781
0.105108626970613410
0.139943319050374220
0.174605601607596250
0.209052770870341740
0.243242388085282040
0.277132331802052100
0.310680849766689750
0.343846610360227900
0.376588753519067620
0.408866941074398800
0.440641406448651800
0.471873003647753200
0.502523255488829480
0.532554401003944020
0.561929441961464220
0.590612188447752430
0.618567303453019020
0.645760346406419880
0.672157815606759580
0.697727189496540000
0.722436966728508210
0.746256704975360120
0.769157058434801090
0.791109813983793320
0.812087925937486020
0.832065549370079040
0.851018071956677560
0.868922144297083810
0.885755708684469840
0.929632711823718650
0.963210454656535430
0.986116947861103600
0.006318247160326395
0.010229345090472925
0.014027124901290010
0.017669502084436774
0.018842060666663288
0.019991405952336460
0.021116121943562518
0.022214822988727980
0.023286155488527797
0.024328799562918630
0.025341470676778326
0.026322921222167946
0.027271942055194356
0.028187363985543709
0.029068059216831404
0.029912942735980986
0.030720973649911332
0.031491156467880956
0.032222542327904287
0.032914230165728683
0.033565367824928180
0.034175153106746327
0.034742834758394688
0.035267713398586399
0.035749142379166411
0.036186528581775929
0.036579333148568254
0.036927072146077232
0.037229317161419473
0.037485695830095700
0.037695892294740962
0.037859647594258666
0.037976759982858800
0.038047085178607450
0.038070536541181282
0.038047085178607450
0.037976759982858800
0.037859647594258666
0.037695892294740962
0.037485695830095700
0.037229317161419473
0.036927072146077232
0.036579333148568254
0.036186528581775929
0.035749142379166411
0.035267713398586399
0.034742834758394688
0.034175153106746327
0.033565367824928180
0.032914230165728683
0.032222542327904287
0.031491156467880956
0.030720973649911332
0.029912942735980986
0.029068059216831404
0.028187363985543709
0.027271942055194356
0.026322921222167946
0.025341470676778326
0.024328799562918630
0.023286155488527797
0.022214822988727980
0.021116121943562518
0.019991405952336460
0.018842060666663288
0.017669502084436774
0.014027124901290010
0.010229345090472925
0.006318247160326395
