91
-0.905688746096571910
-0.890603216814397360
-0.874467905612230420
-0.819959523273280370
-0.799827305375292230
-0.778752305876122320
-0.756759366533369390
-0.733874411111094860
-0.710124414822193910
-0.685537372531524580
-0.660142265757234890
-0.633969028509153270
-0.607048512004496170
-0.579412448302463190
-0.551093412900583560
-0.522124786336890520
-0.492540714843183400
-0.462376070095751430
-0.431666408111001760
-0.400447927334439350
-0.368757425972399580
-0.336632258616828440
-0.304110292214235360
-0.271229861430719250
-0.238029723465682130
-0.204549012367488790
-0.170827192904925150
-0.136904014048826410
-0.102819462118707710
-0.068613713649625430
-0.034327088034825329
-0.000000000000000000
0.034327088034825329
0.068613713649625430
0.102819462118707710
0.136904014048826410
0.170827192904925150
0.204549012367488790
0.238029723465682130
0.271229861430719250
0.304110292214235360
0.336632258616828440
0.368757425972399580
0.400447927334439350
0.431666408111001760
0.462376070095751430
0.492540714843183400
0.522124786336890520
0.551093412900583560
0.579412448302463190
0.607048512004496170
0.633969028509153270
0.660142265757234890
0.685537372531524580
0.710124414822193910
0.733874411111094860
0.756759366533369390
0.778752305876122320
0.799827305375292230
0.819959523273280370
0.874467905612230420
0.890603216814397360
0.905688746096571910
0.016604850223920133
0.017812890921297304
0.018999935053186107
0.022421229478806419
0.023510567222605534
0.024572192330851339
0.025604853430133936
0.026607333288471584
0.027578450249913927
0.028517059627270351
0.029422055051301240
0.030292369774769009
0.031126977929802183
0.031924895737087101
0.032685182665455711
0.033406942540502180
0.034089324600919402
0.034731524501307579
0.035332785260274592
0.035892398152707859
0.036409703545166545
0.036884091673408739
0.037315003361137078
0.037701930679115030
0.038044417543877794
0.038342060255330962
0.038594507972602526
0.038801463127590571
0.038962681775714547
0.039077973883460078
0.039147203552377705
0.039170289179269506
0.039147203552377705
0.039077973883460078
0.038962681775714547
0.038801463127590571
0.038594507972602526
0.038342060255330962
0.038044417543877794
0.037701930679115030
0.037315003361137078
0.036884091673408739
0.036409703545166545
0.035892398152707859
0.035332785260274592
0.034731524501307579
0.034089324600919402
0.033406942540502180
0.032685182665455711
0.031924895737087101
0.031126977929802183
0.030292369774769009
0.029422055051301240
0.028517059627270351
0.027578450249913927
0.026607333288471584
0.025604853430133936
0.024572192330851339
0.023510567222605534
0.022421229478806419
0.018999935053186107
0.017812890921297304
0.016604850223920133
