94
-0.911493098694057480
-0.866013285012198650
-0.848915885862033370
-0.830880361603017370
-0.811926643029482920
-0.792075675622845090
-0.771349396404123590
-0.749770709691013560
-0.727363461786199040
-0.704152414624820140
-0.680163218410172690
-0.655422383267855180
-0.629957249949673280
-0.603795959619657150
-0.576967422755581660
-0.549501287200340420
-0.521427905398483830
-0.492778300854119330
-0.463584133847239290
-0.433877666446363940
-0.403691726856158950
-0.373059673139427780
-0.342015356353567390
-0.310593083142224220
-0.278827577823490320
-0.246753944016534220
-0.214407625849072640
-0.181824368788550960
-0.149040180140319280
-0.116091289256454430
-0.083014107499202239
-0.049845188003282928
-0.016621185281526035
0.016621185281526035
0.049845188003282928
0.083014107499202239
0.116091289256454430
0.149040180140319280
0.181824368788550960
0.214407625849072640
0.246753944016534220
0.278827577823490320
0.310593083142224220
0.342015356353567390
0.373059673139427780
0.403691726856158950
0.433877666446363940
0.463584133847239290
0.492778300854119330
0.521427905398483830
0.549501287200340420
0.576967422755581660
0.603795959619657150
0.629957249949673280
0.655422383267855180
0.680163218410172690
0.704152414624820140
0.727363461786199040
0.749770709691013560
0.771349396404123590
0.792075675622845090
0.811926643029482920
0.830880361603017370
0.848915885862033370
0.866013285012198650
0.911493098694057480
0.015398718847323398
0.018720157070351798
0.019787538824693168
0.020833053661700032
0.021855546193067045
0.022853886473367186
0.023826971248339712
0.024773725173822897
0.025693102003929096
0.026584085747119793
0.027445691788882391
0.028276967979757518
0.029076995687504895
0.029844890812243081
0.030579804763432555
0.031280925397627328
0.031947477915949693
0.032578725720302126
0.033173971227363611
0.033732556639474678
0.034253864671555882
0.034737319233258054
0.035182386065588919
0.035588573331313669
0.035955432158475430
0.036282557136436321
0.036569586763890466
0.036816203848352727
0.037022135856683167
0.037187155216259545
0.037311079566463887
0.037393771960206344
0.037435141015263455
0.037435141015263455
0.037393771960206344
0.037311079566463887
0.037187155216259545
0.037022135856683167
0.036816203848352727
0.036569586763890466
0.036282557136436321
0.035955432158475430
0.035588573331313669
0.035182386065588919
0.034737319233258054
0.034253864671555882
0.033732556639474678
0.033173971227363611
0.032578725720302126
0.031947477915949693
0.031280925397627328
0.030579804763432555
0.029844890812243081
0.029076995687504895
0.028276967979757518
0.027445691788882391
0.026584085747119793
0.025693102003929096
0.024773725173822897
0.023826971248339712
0.022853886473367186
0.021855546193067045
0.020833053661700032
0.019787538824693168
0.018720157070351798
0.015398718847323398
