95
-0.884560331481440530
-0.868741824824129870
-0.851983282071784310
-0.834302837059601290
-0.815719621186609570
-0.796253742712893290
-0.775926265000223880
-0.754759183719492470
-0.732775403049502170
-0.709998710892823180
-0.686453753135482180
-0.662166006978317960
-0.637161753368840070
-0.611468048563410750
-0.585112694850514090
-0.558124210466784510
-0.530531798738343330
-0.502365316480833930
-0.473655241692343740
-0.444432640574170310
-0.414729133915118560
-0.384576862875699030
-0.354008454209253310
-0.323056984957636910
-0.291755946659662090
-0.260139209111028950
-0.228240983714958100
-0.196095786463182760
-0.163738400587355950
-0.131203838921287120
-0.098527306014734861
-0.065744160039749810
-0.032889874530788940
-0.000000000000000000
0.032889874530788940
0.065744160039749810
0.098527306014734861
0.131203838921287120
0.163738400587355950
0.196095786463182760
0.228240983714958100
0.260139209111028950
0.291755946659662090
0.323056984957636910
0.354008454209253310
0.384576862875699030
0.414729133915118560
0.444432640574170310
0.473655241692343740
0.502365316480833930
0.530531798738343330
0.558124210466784510
0.585112694850514090
0.611468048563410750
0.637161753368840070
0.662166006978317960
0.686453753135482180
0.709998710892823180
0.732775403049502170
0.754759183719492470
0.775926265000223880
0.796253742712893290
0.815719621186609570
0.834302837059601290
0.851983282071784310
0.868741824824129870
0.884560331481440530
0.017197404611281605
0.018260861990399172
0.019304559930790027
0.020327369076106872
0.021328182674887095
0.022305917777520955
0.023259516407687090
0.024187946706899735
0.025090204050881165
0.025965312136516303
0.026812324038199248
0.027630323232413923
0.028418424589433285
0.029175775331060094
0.029901555953368093
0.030594981113444157
0.031255300479169509
0.031881799541119991
0.032473800385706103
0.033030662428714462
0.033551783108459222
0.034036598537789876
0.034484584114252162
0.034895255087740981
0.035268167085030215
0.035602916590612682
0.035899141383330092
0.036156520928318732
0.036374776723850019
0.036553672602685584
0.036693014987627129
0.036792653100978505
0.036852479127697263
0.036872428332057269
0.036852479127697263
0.036792653100978505
0.036693014987627129
0.036553672602685584
0.036374776723850019
0.036156520928318732
0.035899141383330092
0.035602916590612682
0.035268167085030215
0.034895255087740981
0.034484584114252162
0.034036598537789876
0.033551783108459222
0.033030662428714462
0.032473800385706103
0.031881799541119991
0.031255300479169509
0.030594981113444157
0.029901555953368093
0.029175775331060094
0.028418424589433285
0.027630323232413923
0.026812324038199248
0.025965312136516303
0.025090204050881165
0.024187946706899735
0.023259516407687090
0.022305917777520955
0.021328182674887095
0.020327369076106872
0.019304559930790027
0.018260861990399172
0.017197404611281605
