97
-0.976428256308619740
-0.929169991481619160
-0.889159083944300430
-0.873956543715414200
-0.822973046452484480
-0.804245398991770610
-0.784682837985085650
-0.764305671964182090
-0.743135055130254020
-0.721192965392770450
-0.698502181553271040
-0.675086259657784900
-0.650969508542408310
-0.626176964597413790
-0.600734365776084190
-0.574668124875244100
-0.548005302115227800
-0.520773577047742850
-0.493001219820793150
-0.464717061830488780
-0.435950465790209910
-0.406731295248195960
-0.377089883585204120
-0.347057002524421290
-0.316663830186319160
-0.285941918721616890
-0.254923161555951410
-0.223639760280259500
-0.192124191221244630
-0.160409171726631330
-0.128527626200208520
-0.096512651921921599
-0.064397484688495849
-0.032215464310261718
-0.000000000000000000
0.032215464310261718
0.064397484688495849
0.096512651921921599
0.128527626200208520
0.160409171726631330
0.192124191221244630
0.223639760280259500
0.254923161555951410
0.285941918721616890
0.316663830186319160
0.347057002524421290
0.377089883585204120
0.406731295248195960
0.435950465790209910
0.464717061830488780
0.493001219820793150
0.520773577047742850
0.548005302115227800
0.574668124875244320
0.600734365776084190
0.626176964597413790
0.650969508542408310
0.675086259657784900
0.698502181553271040
0.721192965392770450
0.743135055130254020
0.764305671964182090
0.784682837985085650
0.804245398991770610
0.822973046452484480
0.873956543715414200
0.889159083944300430
0.929169991481619160
0.976428256308619740
0.007889084354843041
0.013513396352089445
0.016728978760155003
0.017767573107035486
0.020768469696976058
0.021727011465503352
0.022662997716723612
0.023575456770972652
0.024463441373337586
0.025326029676921779
0.026162326199768670
0.026971462754436980
0.027752599349256109
0.028504925060321339
0.029227658873320187
0.029920050494313830
0.030581381128631156
0.031210964227063719
0.031808146198588967
0.032372307088879407
0.032902861223894055
0.033399257817882083
0.033860981545169568
0.034287553075134279
0.034678529569812676
0.035033505143623613
0.035352111284730259
0.035634017237603718
0.035878930346390815
0.036086596358728421
0.036256799689691949
0.036389363645599943
0.036484150607445420
0.036541062173763149
0.036560039262782715
0.036541062173763149
0.036484150607445420
0.036389363645599943
0.036256799689691949
0.036086596358728421
0.035878930346390815
0.035634017237603718
0.035352111284730259
0.035033505143623613
0.034678529569812676
0.034287553075134279
0.033860981545169568
0.033399257817882083
0.032902861223894055
0.032372307088879407
0.031808146198588967
0.031210964227063719
0.030581381128631156
0.029920050494313895
0.029227658873320187
0.028504925060321339
0.027752599349256109
0.026971462754436980
0.026162326199768670
0.025326029676921779
0.024463441373337586
0.023575456770972652
0.022662997716723612
0.021727011465503352
0.020768469696976058
0.017767573107035486
0.016728978760155003
0.013513396352089445
0.007889084354843041
