98
-0.976902595063886100
-0.930584060339306960
-0.891356753548891100
-0.843975085690770400
-0.826441958744047910
-0.808068205819534310
-0.788872516008022330
-0.768874414445517740
-0.748094242452592480
-0.726553136843658410
-0.704273008427177330
-0.681276519718646330
-0.657587061889014950
-0.633228730971969970
-0.608226303354279630
-0.582605210574123960
-0.556391513453040610
-0.529611875587794770
-0.502293536229136970
-0.474464282575028820
-0.446152421506525450
-0.417386750795054270
-0.388196529810383880
-0.358611449759072000
-0.328661603483668130
-0.298377454853387620
-0.267789807777391360
-0.236929774872192130
-0.205828745815053780
-0.174518355415576590
-0.143030451437942850
-0.111397062206553630
-0.079650364028005988
-0.047822648462549328
-0.015946289478309394
0.015946289478309394
0.047822648462549328
0.079650364028005988
0.111397062206553630
0.143030451437942850
0.174518355415576590
0.205828745815053780
0.236929774872192130
0.267789807777391360
0.298377454853387620
0.328661603483668130
0.358611449759072000
0.388196529810383880
0.417386750795054270
0.446152421506525450
0.474464282575028820
0.502293536229136970
0.529611875587794770
0.556391513453040610
0.582605210574123960
0.608226303354279630
0.633228730971969970
0.657587061889014950
0.681276519718646330
0.704273008427177330
0.726553136843658410
0.748094242452592480
0.768874414445517740
0.788872516008022330
0.808068205819534310
0.826441958744047910
0.843975085690770400
0.891356753548891100
0.930584060339306960
0.976902595063886100
0.007695295307717541
0.013185767846597911
0.016328039848535585
0.019320939019040414
0.020280601514359290
0.021219635345459193
0.022137085359976810
0.023032018360348464
0.023903524052864444
0.024750715973478218
0.025572732389409245
0.026368737175613995
0.027137920665223424
0.027879500473078495
0.028592722291524021
0.029276860657647182
0.029931219691180514
0.030555133802317475
0.031147968368718259
0.031709120381020306
0.032238019056192377
0.032734126418110868
0.033196937844767307
0.033625982581548530
0.034020824220069641
0.034381061142071082
0.034706326927929236
0.034996290729363312
0.035250657605961737
0.035469168825184076
0.035651602125533755
0.035797771942633623
0.035907529597975274
0.035980763450148667
0.036017399008399877
0.036017399008399877
0.035980763450148667
0.035907529597975274
0.035797771942633623
0.035651602125533755
0.035469168825184076
0.035250657605961737
0.034996290729363312
0.034706326927929236
0.034381061142071082
0.034020824220069641
0.033625982581548530
0.033196937844767307
0.032734126418110868
0.032238019056192377
0.031709120381020306
0.031147968368718259
0.030555133802317475
0.029931219691180514
0.029276860657647182
0.028592722291524021
0.027879500473078495
0.027137920665223424
0.026368737175613995
0.025572732389409245
0.024750715973478218
0.023903524052864444
0.023032018360348464
0.022137085359976810
0.021219635345459193
0.020280601514359290
0.019320939019040414
0.016328039848535585
0.013185767846597911
0.007695295307717541
