99
-0.962067225640901970
-0.907220800210573500
-0.863371377049916950
-0.847013341634774040
-0.829810984947430660
-0.811781454661989030
-0.792942722999308900
-0.773313568811336170
-0.752913558861538100
-0.731763028320043580
-0.709883060492896960
-0.687295465805609180
-0.664022760061938390
-0.640088141999562540
-0.615515470165007180
-0.590329239130878540
-0.564554555079101570
-0.538217110774501070
-0.511343159953671080
-0.483959491154659750
-0.456093401013556670
-0.427772667054599600
-0.399025520000924170
-0.369880615633556230
-0.340367006226699460
-0.310514111587790740
-0.280351689731191290
-0.249909807214746540
-0.219218809168784060
-0.188309289047424440
-0.157212058132358390
-0.125958114819488490
-0.094578613719052018
-0.063104834600026249
-0.031568151209772258
-0.000000000000000000
0.031568151209772258
0.063104834600026249
0.094578613719052018
0.125958114819488490
0.157212058132358390
0.188309289047424500
0.219218809168784060
0.249909807214746540
0.280351689731191290
0.310514111587790740
0.340367006226699460
0.369880615633556230
0.399025520000924170
0.427772667054599600
0.456093401013556670
0.483959491154659750
0.511343159953671080
0.538217110774501070
0.564554555079101570
0.590329239130878540
0.615515470165007180
0.640088141999562540
0.664022760061938390
0.687295465805609180
0.709883060492896960
0.731763028320043580
0.752913558861538100
0.773313568811336170
0.792942722999308900
0.811781454661989030
0.829810984947430660
0.847013341634774040
0.863371377049916950
0.907220800210573500
0.962067225640901970
0.009642492506251600
0.014869399203809749
0.017836006202011936
0.018790614584978493
0.019726492086391170
0.020642705800420925
0.021538342423289784
0.022412509163440539
0.023264334631335513
0.024092969707972069
0.024897588391230224
0.025677388619198823
0.026431593069651576
0.027159449934872595
0.027860233671055536
0.028533245721526906
0.029177815213071917
0.029793299624667518
0.030379085427954807
0.030934588698813034
0.031459255699423851
0.031952563430246460
0.032414020151352654
0.032843165872601943
0.033239572812168397
0.033602845822961400
0.033932622786516577
0.034228574973961839
0.034490407373701543
0.034717858985489243
0.034910703080598918
0.035068747427831878
0.035191834485137463
0.035279841556653722
0.035332680915013411
0.035350299888792326
0.035332680915013411
0.035279841556653722
0.035191834485137463
0.035068747427831878
0.034910703080598918
0.034717858985489250
0.034490407373701543
0.034228574973961839
0.033932622786516577
0.033602845822961400
0.033239572812168397
0.032843165872601943
0.032414020151352654
0.031952563430246460
0.031459255699423851
0.030934588698813034
0.030379085427954807
0.029793299624667518
0.029177815213071917
0.028533245721526906
0.027860233671055536
0.027159449934872595
0.026431593069651576
0.025677388619198823
0.024897588391230224
0.024092969707972069
0.023264334631335513
0.022412509163440539
0.021538342423289784
0.020642705800420925
0.019726492086391170
0.018790614584978493
0.017836006202011936
0.014869399203809749
0.009642492506251600
